LAKE TAHOE ECOMODELING R1 -----------------------------                         
Run number = 202201272218,  Start date of run:   4/13/2018 at 0000 hours
i =  23  j =   5  km =  33   dt =10.00 sec  hhs =23.560 m   dz = 5.00 m
iexplt = 0  itrap = 1  cd =  0.0040  ismooth = 0  beta = 0.050 niter = 3
iextrp = 0  f = 0.0001  tramp=      0.0  iupwind = 0
    time       step       zeta    depth       u         v       w          Av               Dv        scalar     Tracers-> 
     hrs        no         cm        m       cm/s      cm/s     cm/s       cm2/s           cm2/s       oC          g/l   -> 
     0.0000         0     0.00     0.51      0.00      0.00   0.0000      0.0000000      0.0000000  0.5771500E+01
                                   1.03      0.00      0.00   0.0000      0.0000000      0.0000000  0.5771500E+01
                                   1.56      0.00      0.00   0.0000      0.0000000      0.0000000  0.5763700E+01
                                   2.10      0.00      0.00   0.0000      0.0000000      0.0000000  0.5667900E+01
                                   2.65      0.00      0.00   0.0000      0.0000000      0.0000000  0.5538000E+01
                                   3.22      0.00      0.00   0.0000      0.0000000      0.0000000  0.5454500E+01
                                   3.79      0.00      0.00   0.0000      0.0000000      0.0000000  0.5442000E+01
                                   4.38      0.00      0.00   0.0000      0.0000000      0.0000000  0.5440500E+01
                                   4.97      0.00      0.00   0.0000      0.0000000      0.0000000  0.5436800E+01
                                   5.58      0.00      0.00   0.0000      0.0000000      0.0000000  0.5431500E+01
                                   6.21      0.00      0.00   0.0000      0.0000000      0.0000000  0.5430200E+01
                                   6.84      0.00      0.00   0.0000      0.0000000      0.0000000  0.5432000E+01
                                   7.49      0.00      0.00   0.0000      0.0000000      0.0000000  0.5427600E+01
                                   8.15      0.00      0.00   0.0000      0.0000000      0.0000000  0.5423000E+01
                                   8.82      0.00      0.00   0.0000      0.0000000      0.0000000  0.5422500E+01
                                   9.51      0.00      0.00   0.0000      0.0000000      0.0000000  0.5420700E+01
                                  10.21      0.00      0.00   0.0000      0.0000000      0.0000000  0.5413300E+01
                                  10.92      0.00      0.00   0.0000      0.0000000      0.0000000  0.5412600E+01
                                  11.65      0.00      0.00   0.0000      0.0000000      0.0000000  0.5408300E+01
                                  12.39      0.00      0.00   0.0000      0.0000000      0.0000000  0.5404800E+01
                                  13.15      0.00      0.00   0.0000      0.0000000      0.0000000  0.5404800E+01
                                  13.92      0.00      0.00   0.0000      0.0000000      0.0000000  0.5402400E+01
                                  14.71      0.00      0.00   0.0000      0.0000000      0.0000000  0.5391300E+01
                                  15.52      0.00      0.00   0.0000      0.0000000      0.0000000  0.5389100E+01
                                  16.34      0.00      0.00   0.0000      0.0000000      0.0000000  0.5389700E+01
                                  17.17      0.00      0.00   0.0000      0.0000000      0.0000000  0.5384700E+01
                                  18.03      0.00      0.00   0.0000      0.0000000      0.0000000  0.5382900E+01
                                  18.90      0.00      0.00   0.0000      0.0000000      0.0000000  0.5381500E+01
                                  19.78      0.00      0.00   0.0000      0.0000000      0.0000000  0.5370000E+01
                                  20.69      0.00      0.00   0.0000      0.0000000      0.0000000  0.5362900E+01
                                  21.61      0.00      0.00   0.0000      0.0000000      0.0000000  0.5365900E+01
                                  22.56      0.00      0.00   0.0000      0.0000000      0.0000000  0.5359800E+01
                                  23.52      0.00      0.00   0.0000      0.0000000      0.0000000  0.5355800E+01
