   0.00000000000E+00   0.12903158103E+07   0.00000000000E+00   0.18898599167E+19   0.00000000000E+00   0.00000000000E+00   0.00000000000E+00   0.00000000000E+00   0.00000000000E+00
   0.10000000000E+01   0.12900889076E+07   0.00000000000E+00   0.18898599569E+19   0.94959323353E+09   0.00000000000E+00   0.61415331045E+09  -0.21927568730E+09   0.13891677850E+10
   0.20000000000E+01   0.12899214754E+07   0.00000000000E+00   0.18898599280E+19   0.67208590419E+09   0.00000000000E+00   0.29570267322E+09  -0.20416873683E+09   0.88523616961E+10
   0.30000000000E+01   0.12897894452E+07   0.00000000000E+00   0.18898599537E+19   0.71179319011E+09   0.00000000000E+00   0.27845347711E+09  -0.14909531462E+08   0.27616606129E+11
   0.40000000000E+01   0.12896613759E+07   0.00000000000E+00   0.18898600240E+19   0.72295637834E+09   0.00000000000E+00   0.31710024547E+09   0.64492128201E+08   0.27676101749E+11
   0.50000000000E+01   0.12895506071E+07   0.00000000000E+00   0.18898600042E+19   0.74007216081E+09   0.00000000000E+00   0.25163143884E+09   0.18835888296E+09   0.27690626121E+11
   0.60000000000E+01   0.12894440904E+07   0.00000000000E+00   0.18898600468E+19   0.71120644257E+09   0.00000000000E+00   0.20306542210E+09   0.20706836369E+09   0.27634641511E+11
   0.70000000000E+01   0.12893309103E+07   0.00000000000E+00   0.18898599714E+19   0.72686839629E+09   0.00000000000E+00   0.17285231912E+09   0.23274923888E+09   0.27626191998E+11
   0.80000000000E+01   0.12892580934E+07   0.00000000000E+00   0.18898599982E+19   0.67599269257E+09   0.00000000000E+00   0.99525362845E+08   0.23537733092E+09   0.27592854215E+11
   0.90000000000E+01   0.12893597158E+07   0.00000000000E+00   0.18898599723E+19   0.76137794859E+09   0.00000000000E+00   0.76932181944E+08   0.19353965900E+09   0.27531552625E+11
   0.10000000000E+02   0.12896464316E+07   0.00000000000E+00   0.18898599802E+19   0.82476200720E+09   0.00000000000E+00   0.38480446671E+08   0.14879007587E+09   0.27485176723E+11
   0.11000000000E+02   0.12900969394E+07   0.00000000000E+00   0.18898599239E+19   0.83947840046E+09   0.00000000000E+00   0.16079394151E+08   0.47169956149E+08   0.27392220915E+11
   0.12000000000E+02   0.12906597984E+07   0.00000000000E+00   0.18898598730E+19   0.85241362454E+09   0.00000000000E+00   0.10723170626E+08   0.19290730757E+08   0.27356680214E+11
   0.13000000000E+02   0.12912787963E+07   0.00000000000E+00   0.18898598021E+19   0.82443063832E+09   0.00000000000E+00   0.10870388121E+08   0.67642517559E+07   0.27399350392E+11
   0.14000000000E+02   0.12918970188E+07   0.00000000000E+00   0.18898597737E+19   0.86039555522E+09   0.00000000000E+00   0.18996137912E+08   0.11189719495E+08   0.27417365016E+11
   0.15000000000E+02   0.12924813975E+07   0.00000000000E+00   0.18898597083E+19   0.94869552414E+09   0.00000000000E+00   0.19443701169E+08   0.66268959741E+07   0.27415325616E+11
   0.16000000000E+02   0.12929836744E+07   0.00000000000E+00   0.18898596905E+19   0.12558744184E+10   0.00000000000E+00   0.57305688107E+08   0.13297542037E+08   0.27456080252E+11
   0.17000000000E+02   0.12933665995E+07   0.00000000000E+00   0.18898596042E+19   0.12850645468E+10   0.00000000000E+00   0.50681707818E+08   0.20783925333E+08   0.27458600336E+11
   0.18000000000E+02   0.12935840094E+07   0.00000000000E+00   0.18898595656E+19   0.12503136284E+10   0.00000000000E+00   0.40325408794E+08   0.33002148533E+08   0.27444656233E+11
   0.19000000000E+02   0.12936042387E+07   0.00000000000E+00   0.18898595711E+19   0.11441782719E+10   0.00000000000E+00   0.41675417206E+08   0.73896829962E+08   0.27472159446E+11
   0.20000000000E+02   0.12935376469E+07   0.00000000000E+00   0.18898595200E+19   0.11550740000E+10   0.00000000000E+00   0.35095532500E+08   0.12116129961E+09   0.27489510844E+11
   0.21000000000E+02   0.12934564470E+07   0.00000000000E+00   0.18898596288E+19   0.11876090920E+10   0.00000000000E+00   0.38209164914E+08   0.15271132816E+09   0.27476970500E+11
   0.22000000000E+02   0.12933674564E+07   0.00000000000E+00   0.18898595569E+19   0.12838382012E+10   0.00000000000E+00   0.65307890816E+08   0.18161528072E+09   0.27516854983E+11
   0.23000000000E+02   0.12932775894E+07   0.00000000000E+00   0.18898596681E+19   0.15032871505E+10   0.00000000000E+00   0.79653206990E+08   0.18640600484E+09   0.27532606944E+11
