LAKE TAHOE ECOMODELING R1 -----------------------------                         
Run number = 202201221732,  Start date of run:   4/13/2018 at 0000 hours
i =  23  j =   5  km =  33   dt =10.00 sec  hhs =23.560 m   dz = 5.00 m
iexplt = 0  itrap = 1  cd =  0.0040  ismooth = 0  beta = 0.050 niter = 3
iextrp = 0  f = 0.0001  tramp=      0.0  iupwind = 0
    time       step       zeta    depth       u         v       w          Av               Dv        scalar     Tracers-> 
     hrs        no         cm        m       cm/s      cm/s     cm/s       cm2/s           cm2/s       oC          g/l   -> 
     0.0000         0     0.00     0.51      0.00      0.00   0.0000      0.0000000      0.0000000  0.5771500E+01
                                   1.03      0.00      0.00   0.0000      0.0000000      0.0000000  0.5771500E+01
                                   1.56      0.00      0.00   0.0000      0.0000000      0.0000000  0.5763700E+01
                                   2.10      0.00      0.00   0.0000      0.0000000      0.0000000  0.5667900E+01
                                   2.65      0.00      0.00   0.0000      0.0000000      0.0000000  0.5538000E+01
                                   3.22      0.00      0.00   0.0000      0.0000000      0.0000000  0.5454500E+01
                                   3.79      0.00      0.00   0.0000      0.0000000      0.0000000  0.5442000E+01
                                   4.38      0.00      0.00   0.0000      0.0000000      0.0000000  0.5440500E+01
                                   4.97      0.00      0.00   0.0000      0.0000000      0.0000000  0.5436800E+01
                                   5.58      0.00      0.00   0.0000      0.0000000      0.0000000  0.5431500E+01
                                   6.21      0.00      0.00   0.0000      0.0000000      0.0000000  0.5430200E+01
                                   6.84      0.00      0.00   0.0000      0.0000000      0.0000000  0.5432000E+01
                                   7.49      0.00      0.00   0.0000      0.0000000      0.0000000  0.5427600E+01
                                   8.15      0.00      0.00   0.0000      0.0000000      0.0000000  0.5423000E+01
                                   8.82      0.00      0.00   0.0000      0.0000000      0.0000000  0.5422500E+01
                                   9.51      0.00      0.00   0.0000      0.0000000      0.0000000  0.5420700E+01
                                  10.21      0.00      0.00   0.0000      0.0000000      0.0000000  0.5413300E+01
                                  10.92      0.00      0.00   0.0000      0.0000000      0.0000000  0.5412600E+01
                                  11.65      0.00      0.00   0.0000      0.0000000      0.0000000  0.5408300E+01
                                  12.39      0.00      0.00   0.0000      0.0000000      0.0000000  0.5404800E+01
                                  13.15      0.00      0.00   0.0000      0.0000000      0.0000000  0.5404800E+01
                                  13.92      0.00      0.00   0.0000      0.0000000      0.0000000  0.5402400E+01
                                  14.71      0.00      0.00   0.0000      0.0000000      0.0000000  0.5391300E+01
                                  15.52      0.00      0.00   0.0000      0.0000000      0.0000000  0.5389100E+01
                                  16.34      0.00      0.00   0.0000      0.0000000      0.0000000  0.5389700E+01
                                  17.17      0.00      0.00   0.0000      0.0000000      0.0000000  0.5384700E+01
                                  18.03      0.00      0.00   0.0000      0.0000000      0.0000000  0.5382900E+01
                                  18.90      0.00      0.00   0.0000      0.0000000      0.0000000  0.5381500E+01
                                  19.78      0.00      0.00   0.0000      0.0000000      0.0000000  0.5370000E+01
                                  20.69      0.00      0.00   0.0000      0.0000000      0.0000000  0.5362900E+01
                                  21.61      0.00      0.00   0.0000      0.0000000      0.0000000  0.5365900E+01
                                  22.56      0.00      0.00   0.0000      0.0000000      0.0000000  0.5359800E+01
                                  23.52      0.00      0.00   0.0000      0.0000000      0.0000000  0.5355800E+01
     1.0000       360    -0.01     0.51      0.82     -2.56   0.0000     14.0781864     17.7308440  0.5583872E+01
                                   1.03      0.62     -2.30  -0.0015     31.1233755     38.6345992  0.5583720E+01
                                   1.56      0.42     -2.00  -0.0030     36.1109781     43.8102847  0.5577063E+01
                                   2.10      0.21     -1.64  -0.0046     36.4119676     42.9880479  0.5563980E+01
                                   2.65     -0.03     -1.16  -0.0063     37.8618250     43.8837381  0.5541344E+01
                                   3.22     -0.34     -0.60  -0.0081     45.3451090     52.9608643  0.5516551E+01
                                   3.79     -0.57     -0.16  -0.0100     57.9789607     69.0689404  0.5495780E+01
                                   4.38     -0.69      0.08  -0.0118     71.3481056     86.1946493  0.5481690E+01
                                   4.97     -0.76      0.22  -0.0136     75.1055777     91.3176686  0.5471905E+01
                                   5.58     -0.80      0.30  -0.0139     71.5364376     87.4747150  0.5463613E+01
                                   6.21      0.00      0.34  -0.0142     57.1000017     69.1936677  0.5456240E+01
                                   6.84      0.00      0.37  -0.0137     37.0827504     43.7047658  0.5449100E+01
                                   7.49      0.00      0.38  -0.0133     22.5100294     25.7379794  0.5441496E+01
                                   8.15      0.00      0.38  -0.0128     12.0895263     13.3002596  0.5431033E+01
                                   8.82      0.00      0.38  -0.0122      5.3286494      5.6430395  0.5425493E+01
                                   9.51      0.00      0.38  -0.0117      1.4343222      1.4191179  0.5421549E+01
                                  10.21      0.00      0.38  -0.0112      0.3143250      0.3019608  0.5416530E+01
                                  10.92      0.00      0.38  -0.0106      0.0773013      0.0760329  0.5412856E+01
                                  11.65      0.00      0.38  -0.0100      0.1218363      0.1296347  0.5409172E+01
                                  12.39      0.00      0.38  -0.0095      0.1235860      0.1287731  0.5405340E+01
                                  13.15      0.00      0.38  -0.0089      0.1237624      0.1274708  0.5404627E+01
                                  13.92      0.00      0.38  -0.0083      0.1224624      0.1265063  0.5402613E+01
                                  14.71      0.00      0.38  -0.0077      0.1218537      0.1256927  0.5393420E+01
                                  15.52      0.00      0.38  -0.0070      0.1222045      0.1245127  0.5389106E+01
                                  16.34      0.00      0.38  -0.0064      0.1221062      0.1242676  0.5389273E+01
                                  17.17      0.00      0.38  -0.0057      0.1223423      0.1250036  0.5385489E+01
                                  18.03      0.00      0.38  -0.0051      0.1231556      0.1263485  0.5382954E+01
                                  18.90      0.00      0.38  -0.0044      0.1224594      0.1279696  0.5381198E+01
                                  19.78      0.00      0.38  -0.0037      0.1213996      0.1291827  0.5370972E+01
                                  20.69      0.00      0.38  -0.0030      0.1213604      0.1305067  0.5363183E+01
                                  21.61      0.00      0.38  -0.0023      0.0980047      0.1048097  0.5365318E+01
                                  22.56      0.00      0.38  -0.0015      0.0531960      0.0516931  0.5359929E+01
                                  23.52      0.00      0.40  -0.0008      0.0158548      0.0124784  0.5355886E+01
     2.0000       720     0.00     0.51      0.12     -1.01   0.0001     25.1547177     33.4220869  0.5470944E+01
                                   1.03      0.00     -0.92  -0.0011     44.9954579     58.4136695  0.5474346E+01
                                   1.56     -0.05     -0.88  -0.0023    199.3894577    273.3091637  0.5476335E+01
                                   2.10     -0.07     -0.86  -0.0036    409.2734307    566.3936585  0.5477054E+01
                                   2.65     -0.09     -0.84  -0.0049    265.5628510    363.2241488  0.5477413E+01
                                   3.22     -0.13     -0.80  -0.0062     75.8483820     95.5530070  0.5478942E+01
                                   3.79     -0.16     -0.74  -0.0075    357.7281907    490.3192073  0.5479843E+01
                                   4.38     -0.16     -0.73  -0.0089    363.8801351    498.0706051  0.5479920E+01
                                   4.97     -0.18     -0.66  -0.0102     90.7719880    114.3565681  0.5480325E+01
                                   5.58     -0.19     -0.59  -0.0110     87.6026787    110.3632711  0.5480525E+01
                                   6.21      0.00     -0.52  -0.0117     83.8162284    105.5923849  0.5480500E+01
                                   6.84      0.00     -0.46  -0.0123     55.2707585     67.6779682  0.5480238E+01
                                   7.49      0.00     -0.30  -0.0128     18.8888528     20.6729653  0.5478737E+01
                                   8.15      0.00      0.05  -0.0131      8.5647136      8.5314276  0.5471278E+01
                                   8.82      0.00      0.17  -0.0130      7.3401188      7.3099381  0.5462842E+01
                                   9.51      0.00      0.32  -0.0128      6.1096571      6.0825970  0.5453934E+01
                                  10.21      0.00      0.38  -0.0123      2.9264210      2.9074328  0.5448644E+01
                                  10.92      0.00      0.45  -0.0118      0.0787519      0.0669852  0.5423137E+01
                                  11.65      0.00      0.45  -0.0112      0.0610260      0.0517521  0.5410912E+01
                                  12.39      0.00      0.45  -0.0106      0.0317123      0.0249606  0.5406187E+01
                                  13.15      0.00      0.45  -0.0099      0.0317139      0.0249628  0.5404728E+01
                                  13.92      0.00      0.45  -0.0092      0.0317121      0.0249603  0.5403457E+01
                                  14.71      0.00      0.45  -0.0086      0.0317074      0.0249538  0.5397008E+01
                                  15.52      0.00      0.45  -0.0079      0.0317105      0.0249581  0.5389719E+01
                                  16.34      0.00      0.45  -0.0071      0.0317138      0.0249627  0.5389172E+01
                                  17.17      0.00      0.45  -0.0064      0.0317121      0.0249603  0.5386716E+01
                                  18.03      0.00      0.45  -0.0057      0.0317123      0.0249606  0.5383574E+01
                                  18.90      0.00      0.45  -0.0049      0.0317107      0.0249584  0.5381314E+01
                                  19.78      0.00      0.45  -0.0042      0.0317081      0.0249549  0.5372719E+01
                                  20.69      0.00      0.45  -0.0034      0.0317113      0.0249593  0.5363770E+01
                                  21.61      0.00      0.45  -0.0026      0.0317145      0.0249636  0.5365006E+01
                                  22.56      0.00      0.45  -0.0018      0.0317118      0.0249599  0.5360240E+01
                                  23.52      0.00      0.52  -0.0010      0.0158548      0.0124784  0.5355891E+01
     3.0000      1080     0.02     0.51      0.03     -0.87   0.0002     29.5273960     38.8015970  0.5448296E+01
                                   1.03     -0.02     -0.82  -0.0010     99.8507719    133.4047690  0.5451109E+01
                                   1.56     -0.04     -0.80  -0.0021    104.2738743    137.3728737  0.5452266E+01
                                   2.10     -0.06     -0.76  -0.0033     74.6581331     94.0533075  0.5454077E+01
                                   2.65     -0.08     -0.74  -0.0045    242.0294285    326.7168999  0.5455732E+01
                                   3.22     -0.09     -0.73  -0.0058    253.7444979    341.4777666  0.5456029E+01
                                   3.79     -0.10     -0.70  -0.0070    110.6334385    139.3817365  0.5457185E+01
                                   4.38     -0.12     -0.67  -0.0083    186.5525357    243.3938161  0.5458127E+01
                                   4.97     -0.12     -0.65  -0.0096    188.9393292    246.4011312  0.5458507E+01
                                   5.58     -0.13     -0.60  -0.0103    118.2545349    148.9842124  0.5459304E+01
                                   6.21      0.00     -0.55  -0.0109    112.8286123    142.1476156  0.5460064E+01
                                   6.84      0.00     -0.50  -0.0115    442.0879111    605.2367389  0.5460752E+01
                                   7.49      0.00     -0.50  -0.0120    436.3770783    598.0411544  0.5460829E+01
                                   8.15      0.00     -0.45  -0.0125     95.2170696    119.9572999  0.5461371E+01
                                   8.82      0.00     -0.41  -0.0129     87.8778286    110.7099559  0.5461828E+01
                                   9.51      0.00     -0.38  -0.0133     80.4553367    101.3577078  0.5462170E+01
                                  10.21      0.00     -0.37  -0.0137     38.4248188     48.3776117  0.5462352E+01
                                  10.92      0.00      0.45  -0.0141      0.1347075      0.1227989  0.5448543E+01
                                  11.65      0.00      0.57  -0.0135      0.0595503      0.0502783  0.5421675E+01
                                  12.39      0.00      0.58  -0.0128      0.0317075      0.0249539  0.5407039E+01
                                  13.15      0.00      0.58  -0.0120      0.0317139      0.0249628  0.5405032E+01
                                  13.92      0.00      0.58  -0.0112      0.0317132      0.0249619  0.5404040E+01
                                  14.71      0.00      0.58  -0.0104      0.0317107      0.0249585  0.5400288E+01
                                  15.52      0.00      0.58  -0.0095      0.0317095      0.0249567  0.5391757E+01
                                  16.34      0.00      0.58  -0.0087      0.0317106      0.0249582  0.5389325E+01
                                  17.17      0.00      0.58  -0.0078      0.0317121      0.0249603  0.5387621E+01
                                  18.03      0.00      0.58  -0.0069      0.0317123      0.0249606  0.5384461E+01
                                  18.90      0.00      0.58  -0.0060      0.0317117      0.0249598  0.5381774E+01
                                  19.78      0.00      0.58  -0.0051      0.0317082      0.0249549  0.5374450E+01
                                  20.69      0.00      0.58  -0.0042      0.0317103      0.0249579  0.5364603E+01
                                  21.61      0.00      0.58  -0.0032      0.0317145      0.0249636  0.5364812E+01
                                  22.56      0.00      0.56  -0.0022      0.0317118      0.0249599  0.5360610E+01
                                  23.52      0.00      0.72  -0.0012      0.0158548      0.0124784  0.5355890E+01
     4.0000      1440     0.03     0.51     -0.11     -0.95   0.0001     31.3590537     41.0509296  0.5432842E+01
                                   1.03     -0.12     -0.88  -0.0010    102.0142902    135.5952304  0.5435506E+01
                                   1.56     -0.12     -0.85  -0.0021    108.7411866    142.5246149  0.5436614E+01
                                   2.10     -0.13     -0.82  -0.0033    205.0072327    275.2007172  0.5438690E+01
                                   2.65     -0.13     -0.81  -0.0045    218.8364603    292.6253527  0.5439105E+01
                                   3.22     -0.13     -0.78  -0.0057    109.6888352    138.1915435  0.5440466E+01
                                   3.79     -0.14     -0.76  -0.0069    231.1428264    306.2515706  0.5441608E+01
                                   4.38     -0.14     -0.75  -0.0081    241.1491796    318.8594431  0.5441941E+01
                                   4.97     -0.14     -0.73  -0.0094    133.8809635    168.6733216  0.5442777E+01
                                   5.58     -0.14     -0.72  -0.0101    130.6817681    164.6423712  0.5443570E+01
                                   6.21      0.00     -0.70  -0.0108    524.0882561    717.6042348  0.5444358E+01
                                   6.84      0.00     -0.69  -0.0114    519.4193870    711.7215544  0.5444480E+01
                                   7.49      0.00     -0.68  -0.0119    116.6058518    146.9068974  0.5444878E+01
                                   8.15      0.00     -0.66  -0.0125    110.1336814    138.7520321  0.5445428E+01
                                   8.82      0.00     -0.65  -0.0131    103.4451462    130.3245686  0.5445891E+01
                                   9.51      0.00     -0.64  -0.0137     96.2242298    121.2263107  0.5446226E+01
                                  10.21      0.00     -0.64  -0.0143     46.3554263     58.3581254  0.5446414E+01
                                  10.92      0.00      0.19  -0.0149      0.1823299      0.1703005  0.5451718E+01
                                  11.65      0.00      0.58  -0.0146      0.1000690      0.0922408  0.5441806E+01
                                  12.39      0.00      0.65  -0.0139      0.0701113      0.0648052  0.5417559E+01
                                  13.15      0.00      0.67  -0.0130      0.0317092      0.0249563  0.5405441E+01
                                  13.92      0.00      0.67  -0.0122      0.0317132      0.0249619  0.5404581E+01
                                  14.71      0.00      0.67  -0.0113      0.0317119      0.0249600  0.5402473E+01
                                  15.52      0.00      0.67  -0.0104      0.0317095      0.0249567  0.5395376E+01
                                  16.34      0.00      0.67  -0.0095      0.0317095      0.0249567  0.5389969E+01
                                  17.17      0.00      0.67  -0.0085      0.0317121      0.0249603  0.5388171E+01
                                  18.03      0.00      0.67  -0.0076      0.0317123      0.0249606  0.5385368E+01
                                  18.90      0.00      0.67  -0.0066      0.0317117      0.0249598  0.5382629E+01
                                  19.78      0.00      0.67  -0.0056      0.0317091      0.0249563  0.5376161E+01
                                  20.69      0.00      0.67  -0.0046      0.0317104      0.0249579  0.5365616E+01
                                  21.61      0.00      0.67  -0.0035      0.0317135      0.0249622  0.5364771E+01
                                  22.56      0.00      0.63  -0.0025      0.0317118      0.0249599  0.5360973E+01
                                  23.52      0.00      0.89  -0.0014      0.0158548      0.0124784  0.5355959E+01
     5.0000      1800     0.03     0.51     -0.16     -0.76   0.0000     57.9128135     78.1860482  0.5420801E+01
                                   1.03     -0.16     -0.76  -0.0009     86.8279301    114.6112289  0.5421928E+01
                                   1.56     -0.17     -0.76  -0.0019     65.8224896     82.9205103  0.5423897E+01
                                   2.10     -0.17     -0.75  -0.0029    357.2211787    490.0039732  0.5425381E+01
                                   2.65     -0.17     -0.75  -0.0039    369.9310869    506.0183257  0.5425541E+01
                                   3.22     -0.17     -0.75  -0.0049    104.8512757    132.0962701  0.5426719E+01
                                   3.79     -0.18     -0.75  -0.0060    350.2266109    474.5431617  0.5427745E+01
                                   4.38     -0.18     -0.75  -0.0070    359.8220274    486.6332561  0.5427909E+01
                                   4.97     -0.18     -0.75  -0.0081    128.2412838    161.5673862  0.5428653E+01
                                   5.58     -0.18     -0.75  -0.0087    125.6915089    158.3546959  0.5429341E+01
                                   6.21      0.00     -0.75  -0.0093    123.0165269    154.9842581  0.5429973E+01
                                   6.84      0.00     -0.75  -0.0098    493.4317619    675.6354123  0.5430522E+01
                                   7.49      0.00     -0.75  -0.0103    488.7766764    669.7700173  0.5430840E+01
                                   8.15      0.00     -0.75  -0.0108    108.8285446    137.1075865  0.5430931E+01
                                   8.82      0.00     -0.75  -0.0113    102.1545287    128.6984142  0.5431396E+01
                                   9.51      0.00     -0.75  -0.0119     95.2030532    119.9396420  0.5431721E+01
                                  10.21      0.00     -0.75  -0.0124     45.9185056     57.8110944  0.5431906E+01
                                  10.92      0.00     -0.14  -0.0129      0.1704587      0.1584594  0.5443131E+01
                                  11.65      0.00      0.42  -0.0130      0.0927597      0.0809574  0.5445451E+01
                                  12.39      0.00      0.61  -0.0125      0.0614188      0.0521408  0.5434834E+01
                                  13.15      0.00      0.65  -0.0118      0.0317022      0.0249467  0.5412162E+01
                                  13.92      0.00      0.66  -0.0111      0.0317109      0.0249587  0.5405171E+01
                                  14.71      0.00      0.66  -0.0103      0.0317130      0.0249616  0.5403275E+01
                                  15.52      0.00      0.66  -0.0094      0.0317106      0.0249582  0.5398369E+01
                                  16.34      0.00      0.66  -0.0086      0.0317095      0.0249567  0.5391949E+01
                                  17.17      0.00      0.66  -0.0078      0.0317110      0.0249589  0.5388603E+01
                                  18.03      0.00      0.66  -0.0069      0.0317123      0.0249606  0.5386059E+01
                                  18.90      0.00      0.66  -0.0060      0.0317117      0.0249598  0.5383496E+01
                                  19.78      0.00      0.66  -0.0051      0.0317082      0.0249549  0.5377871E+01
                                  20.69      0.00      0.66  -0.0042      0.0317094      0.0249566  0.5366818E+01
                                  21.61      0.00      0.67  -0.0033      0.0317135      0.0249622  0.5364772E+01
                                  22.56      0.00      0.60  -0.0023      0.0317118      0.0249599  0.5361202E+01
                                  23.52      0.00      0.94  -0.0014      0.0158548      0.0124784  0.5356054E+01
     6.0000      2160     0.02     0.51     -0.14     -0.67  -0.0001     70.5388142     96.0645080  0.5407473E+01
                                   1.03     -0.14     -0.67  -0.0008     97.9122147    130.5471454  0.5408377E+01
                                   1.56     -0.14     -0.67  -0.0016    282.7681787    388.1023079  0.5410531E+01
                                   2.10     -0.15     -0.67  -0.0024    296.7162058    405.6766629  0.5410900E+01
                                   2.65     -0.15     -0.68  -0.0032     88.1360099    111.0352576  0.5411833E+01
                                   3.22     -0.15     -0.68  -0.0040     98.9473332    124.6573869  0.5413077E+01
                                   3.79     -0.15     -0.68  -0.0048    466.8106139    639.8472935  0.5414083E+01
                                   4.38     -0.15     -0.68  -0.0057    475.3703997    650.6325305  0.5414198E+01
                                   4.97     -0.16     -0.68  -0.0066    120.4952970    151.8075354  0.5415052E+01
                                   5.58     -0.16     -0.68  -0.0070    118.9714391    149.8875022  0.5415832E+01
                                   6.21      0.00     -0.68  -0.0074    483.8644341    662.5835598  0.5416515E+01
                                   6.84      0.00     -0.69  -0.0078    480.1868647    657.9498947  0.5416915E+01
                                   7.49      0.00     -0.69  -0.0081    108.1528328    136.2561993  0.5417027E+01
                                   8.15      0.00     -0.69  -0.0084    102.5539823    129.2017195  0.5417629E+01
                                   8.82      0.00     -0.69  -0.0088     96.8395732    122.0016275  0.5418080E+01
                                   9.51      0.00     -0.69  -0.0091     90.5384868    114.0623540  0.5418404E+01
                                  10.21      0.00     -0.69  -0.0095     43.7001139     55.0197018  0.5418591E+01
                                  10.92      0.00     -0.34  -0.0099      0.1572592      0.1452934  0.5431490E+01
                                  11.65      0.00      0.23  -0.0101      0.0948764      0.0830688  0.5443449E+01
                                  12.39      0.00      0.49  -0.0098      0.0624022      0.0531226  0.5441052E+01
                                  13.15      0.00      0.57  -0.0093      0.0317011      0.0249451  0.5423906E+01
                                  13.92      0.00      0.58  -0.0087      0.0317063      0.0249523  0.5407446E+01
                                  14.71      0.00      0.58  -0.0081      0.0317130      0.0249615  0.5403832E+01
                                  15.52      0.00      0.58  -0.0075      0.0317106      0.0249583  0.5400114E+01
                                  16.34      0.00      0.58  -0.0068      0.0317084      0.0249553  0.5393896E+01
                                  17.17      0.00      0.58  -0.0061      0.0317110      0.0249589  0.5389421E+01
                                  18.03      0.00      0.58  -0.0055      0.0317123      0.0249606  0.5386527E+01
                                  18.90      0.00      0.58  -0.0048      0.0317117      0.0249598  0.5384172E+01
                                  19.78      0.00      0.58  -0.0041      0.0317082      0.0249549  0.5379157E+01
                                  20.69      0.00      0.58  -0.0034      0.0317094      0.0249566  0.5367985E+01
                                  21.61      0.00      0.59  -0.0026      0.0317135      0.0249622  0.5364772E+01
                                  22.56      0.00      0.51  -0.0018      0.0317118      0.0249599  0.5361331E+01
                                  23.52      0.00      0.86  -0.0012      0.0158548      0.0124784  0.5356069E+01
     7.0000      2520    -0.01     0.51     -0.25     -0.35  -0.0001     37.8671126     50.8954097  0.5390562E+01
                                   1.03     -0.19     -0.40  -0.0005     94.9436706    127.4687052  0.5392621E+01
                                   1.56     -0.16     -0.43  -0.0008     86.4741579    113.6063971  0.5393892E+01
                                   2.10     -0.12     -0.46  -0.0011     64.6386202     81.4288482  0.5396176E+01
                                   2.65     -0.10     -0.47  -0.0014    327.2072971    448.6535117  0.5397326E+01
                                   3.22     -0.09     -0.48  -0.0018    335.9030187    459.6100003  0.5397716E+01
                                   3.79     -0.07     -0.51  -0.0021    393.0204734    538.6966839  0.5399447E+01
                                   4.38     -0.07     -0.52  -0.0024    400.4014283    547.9965732  0.5399618E+01
                                   4.97     -0.06     -0.53  -0.0028    101.7078012    128.1355321  0.5400724E+01
                                   5.58     -0.05     -0.55  -0.0029    100.8812524    127.0941086  0.5401710E+01
                                   6.21      0.00     -0.55  -0.0031    417.5200686    571.8026310  0.5402589E+01
                                   6.84      0.00     -0.56  -0.0032    415.5129567    569.2736804  0.5402686E+01
                                   7.49      0.00     -0.57  -0.0033     95.2795241    120.0359967  0.5403389E+01
                                   8.15      0.00     -0.58  -0.0035     91.7233061    115.5552082  0.5403997E+01
                                   8.82      0.00     -0.58  -0.0036     87.5949487    110.3535295  0.5404486E+01
                                   9.51      0.00     -0.59  -0.0038     82.3941641    103.8006041  0.5404840E+01
                                  10.21      0.00     -0.59  -0.0040     39.8129737     50.1279952  0.5405042E+01
                                  10.92      0.00     -0.48  -0.0042      0.1350928      0.1231832  0.5422585E+01
                                  11.65      0.00      0.00  -0.0045      0.0960324      0.0842219  0.5439760E+01
                                  12.39      0.00      0.28  -0.0046      0.0627495      0.0534704  0.5441183E+01
                                  13.15      0.00      0.37  -0.0044      0.0317034      0.0249484  0.5430744E+01
                                  13.92      0.00      0.39  -0.0041      0.0317029      0.0249476  0.5411981E+01
                                  14.71      0.00      0.39  -0.0039      0.0317107      0.0249584  0.5404551E+01
                                  15.52      0.00      0.39  -0.0036      0.0317117      0.0249598  0.5400934E+01
                                  16.34      0.00      0.39  -0.0032      0.0317084      0.0249553  0.5395124E+01
                                  17.17      0.00      0.38  -0.0029      0.0317100      0.0249574  0.5390351E+01
                                  18.03      0.00      0.38  -0.0026      0.0317123      0.0249606  0.5386941E+01
                                  18.90      0.00      0.38  -0.0023      0.0317127      0.0249612  0.5384588E+01
                                  19.78      0.00      0.38  -0.0020      0.0317092      0.0249563  0.5379922E+01
                                  20.69      0.00      0.38  -0.0017      0.0317084      0.0249552  0.5368926E+01
                                  21.61      0.00      0.40  -0.0013      0.0317125      0.0249609  0.5364792E+01
                                  22.56      0.00      0.32  -0.0009      0.0317118      0.0249599  0.5361404E+01
                                  23.52      0.00      0.62  -0.0007      0.0158548      0.0124784  0.5356126E+01
     8.0000      2880    -0.01     0.51      0.01     -0.34  -0.0001    104.5085583    144.6295623  0.5382041E+01
                                   1.03      0.01     -0.34  -0.0001    125.5677640    171.1564139  0.5382628E+01
                                   1.56      0.00     -0.34  -0.0002    217.8072929    298.9423648  0.5385650E+01
                                   2.10     -0.00     -0.34  -0.0003    228.5820991    312.5184774  0.5385927E+01
                                   2.65     -0.01     -0.34  -0.0004     68.5067009     86.3025803  0.5387667E+01
                                   3.22     -0.01     -0.35  -0.0005    334.9334374    459.1728747  0.5388531E+01
                                   3.79     -0.01     -0.35  -0.0007    342.5126150    468.7225819  0.5388763E+01
                                   4.38     -0.01     -0.35  -0.0008     92.0685194    115.9901638  0.5389959E+01
                                   4.97     -0.01     -0.35  -0.0009    393.9797357    539.5413190  0.5390932E+01
                                   5.58     -0.01     -0.35  -0.0008    683.5253537    946.4149177  0.5391044E+01
                                   6.21      0.00     -0.35  -0.0008    381.3104331    522.4811286  0.5391149E+01
                                   6.84      0.00     -0.35  -0.0007     85.9135482    108.2349848  0.5391928E+01
                                   7.49      0.00     -0.35  -0.0006     82.3390111    103.7311181  0.5392616E+01
                                   8.15      0.00     -0.35  -0.0005     79.2175997     99.7981802  0.5393180E+01
                                   8.82      0.00     -0.35  -0.0004     75.8820213     95.5953915  0.5393600E+01
                                   9.51      0.00     -0.35  -0.0003     71.5572294     90.1462045  0.5393880E+01
                                  10.21      0.00     -0.35  -0.0003     34.5797581     43.5408717  0.5394027E+01
                                  10.92      0.00     -0.48  -0.0002      0.1101461      0.0982997  0.5420752E+01
                                  11.65      0.00     -0.10  -0.0005      0.1040172      0.0945743  0.5439295E+01
                                  12.39      0.00      0.13  -0.0006      0.0703089      0.0633980  0.5441959E+01
                                  13.15      0.00      0.21  -0.0007      0.0317034      0.0249484  0.5433249E+01
                                  13.92      0.00      0.22  -0.0006      0.0317040      0.0249492  0.5414854E+01
                                  14.71      0.00      0.22  -0.0006      0.0317096      0.0249569  0.5405964E+01
                                  15.52      0.00      0.22  -0.0006      0.0317106      0.0249582  0.5402082E+01
                                  16.34      0.00      0.22  -0.0005      0.0317106      0.0249582  0.5396393E+01
                                  17.17      0.00      0.21  -0.0005      0.0317100      0.0249575  0.5391666E+01
                                  18.03      0.00      0.21  -0.0005      0.0317102      0.0249577  0.5387951E+01
                                  18.90      0.00      0.21  -0.0004      0.0317127      0.0249612  0.5385484E+01
                                  19.78      0.00      0.21  -0.0004      0.0317092      0.0249563  0.5380843E+01
                                  20.69      0.00      0.21  -0.0004      0.0317094      0.0249566  0.5369960E+01
                                  21.61      0.00      0.23  -0.0003      0.0317125      0.0249609  0.5365382E+01
                                  22.56      0.00      0.16  -0.0003      0.0317118      0.0249599  0.5361947E+01
                                  23.52      0.00      0.38  -0.0003      0.0158557      0.0124797  0.5356771E+01
     9.0000      3240    -0.01     0.51      0.12     -0.01  -0.0000     88.0057830    121.8473818  0.5385365E+01
                                   1.03      0.12     -0.06   0.0003    106.4221002    145.0442150  0.5389093E+01
                                   1.56      0.12     -0.08   0.0006    194.0684952    266.4022893  0.5390855E+01
                                   2.10      0.12     -0.09   0.0009    381.0973838    527.6633054  0.5391146E+01
                                   2.65      0.12     -0.09   0.0012    236.0358089    322.9941428  0.5391414E+01
                                   3.22      0.12     -0.10   0.0016    273.3116597    374.6074811  0.5393460E+01
                                   3.79      0.12     -0.11   0.0019    277.9352665    380.4331273  0.5393863E+01
                                   4.38      0.12     -0.12   0.0023     71.3220751     89.8499135  0.5394649E+01
                                   4.97      0.13     -0.13   0.0026     72.9961228     91.9592008  0.5395540E+01
                                   5.58      0.13     -0.14   0.0030     74.7802202     94.2071341  0.5396339E+01
                                   6.21      0.00     -0.15   0.0033    320.1290965    438.5223240  0.5397021E+01
                                   6.84      0.00     -0.15   0.0036    320.0554103    438.4294897  0.5397089E+01
                                   7.49      0.00     -0.16   0.0038     74.4197937     93.7530026  0.5397526E+01
                                   8.15      0.00     -0.17   0.0040     71.5747569     90.1682954  0.5397890E+01
                                   8.82      0.00     -0.17   0.0043     67.8876229     85.5225511  0.5398192E+01
                                   9.51      0.00     -0.18   0.0045     63.1888956     79.6022173  0.5398438E+01
                                  10.21      0.00     -0.18   0.0047     30.3199887     38.1775806  0.5398630E+01
                                  10.92      0.00     -0.54   0.0049      0.0942099      0.0824040  0.5434252E+01
                                  11.65      0.00     -0.20   0.0046      0.0645845      0.0553029  0.5448847E+01
                                  12.39      0.00     -0.05   0.0042      0.0317112      0.0249591  0.5450844E+01
                                  13.15      0.00     -0.00   0.0039      0.0317011      0.0249452  0.5440147E+01
                                  13.92      0.00     -0.00   0.0036      0.0317029      0.0249476  0.5422258E+01
                                  14.71      0.00     -0.00   0.0033      0.0317107      0.0249584  0.5413383E+01
                                  15.52      0.00     -0.00   0.0031      0.0317106      0.0249583  0.5408700E+01
                                  16.34      0.00     -0.01   0.0028      0.0317095      0.0249567  0.5402621E+01
                                  17.17      0.00     -0.01   0.0025      0.0317111      0.0249589  0.5397707E+01
                                  18.03      0.00     -0.01   0.0022      0.0317102      0.0249578  0.5393575E+01
                                  18.90      0.00     -0.01   0.0018      0.0317107      0.0249584  0.5390594E+01
                                  19.78      0.00     -0.01   0.0015      0.0317091      0.0249563  0.5385447E+01
                                  20.69      0.00     -0.01   0.0012      0.0317094      0.0249566  0.5374426E+01
                                  21.61      0.00     -0.00   0.0009      0.0317125      0.0249609  0.5369494E+01
                                  22.56      0.00     -0.05   0.0005      0.0317118      0.0249599  0.5365645E+01
                                  23.52      0.00      0.11   0.0002      0.0158548      0.0124784  0.5360371E+01
    10.0000      3600    -0.01     0.51      0.27      0.14  -0.0000     79.4838183    110.0475900  0.5408927E+01
                                   1.03      0.27      0.13   0.0005     95.4181049    130.1170979  0.5410806E+01
                                   1.56      0.27      0.13   0.0011     36.0286888     45.3807041  0.5412595E+01
                                   2.10      0.27      0.12   0.0016    195.6156828    268.3354169  0.5413782E+01
                                   2.65      0.27      0.12   0.0022    202.2329159    276.6730264  0.5414156E+01
                                   3.22      0.26      0.11   0.0028     56.0025964     70.5475640  0.5415657E+01
                                   3.79      0.26      0.10   0.0034    263.4379640    361.0980138  0.5416822E+01
                                   4.38      0.26      0.10   0.0039    267.7697316    366.5560111  0.5416930E+01
                                   4.97      0.26      0.09   0.0045     68.4553524     86.2378813  0.5417587E+01
                                   5.58      0.26      0.08   0.0051     70.5756433     88.9094174  0.5418082E+01
                                   6.21      0.00      0.07   0.0056     70.6169289     88.9614411  0.5418466E+01
                                   6.84      0.00      0.06   0.0060     68.5748830     86.3884948  0.5418775E+01
                                   7.49      0.00      0.06   0.0064     65.9589283     83.0924232  0.5419025E+01
                                   8.15      0.00      0.05   0.0067     62.8419872     79.1651197  0.5419247E+01
                                   8.82      0.00      0.04   0.0071    241.2829548    330.2602842  0.5419517E+01
                                   9.51      0.00      0.04   0.0074    237.5421301    325.5468979  0.5419609E+01
                                  10.21      0.00      0.03   0.0078     26.8768473     33.8423857  0.5419762E+01
                                  10.92      0.00     -0.61   0.0082      0.0815473      0.0697735  0.5459803E+01
                                  11.65      0.00     -0.24   0.0076      0.0637928      0.0545122  0.5466999E+01
                                  12.39      0.00     -0.17   0.0072      0.0317076      0.0249541  0.5466404E+01
                                  13.15      0.00     -0.16   0.0067      0.0317011      0.0249451  0.5451472E+01
                                  13.92      0.00     -0.16   0.0062      0.0317040      0.0249492  0.5434429E+01
                                  14.71      0.00     -0.17   0.0057      0.0317096      0.0249569  0.5426107E+01
                                  15.52      0.00     -0.17   0.0053      0.0317095      0.0249567  0.5420330E+01
                                  16.34      0.00     -0.17   0.0048      0.0317095      0.0249567  0.5413612E+01
                                  17.17      0.00     -0.18   0.0042      0.0317111      0.0249589  0.5408350E+01
                                  18.03      0.00     -0.18   0.0037      0.0317102      0.0249578  0.5403619E+01
                                  18.90      0.00     -0.18   0.0032      0.0317107      0.0249584  0.5399754E+01
                                  19.78      0.00     -0.18   0.0026      0.0317072      0.0249535  0.5393328E+01
                                  20.69      0.00     -0.17   0.0021      0.0317093      0.0249565  0.5382274E+01
                                  21.61      0.00     -0.18   0.0015      0.0317126      0.0249610  0.5376942E+01
                                  22.56      0.00     -0.19   0.0010      0.0317099      0.0249573  0.5372509E+01
                                  23.52      0.00     -0.06   0.0004      0.0158548      0.0124784  0.5366843E+01
    11.0000      3960    -0.01     0.51      0.31      0.23   0.0000     10.5471676     13.2818054  0.5447010E+01
                                   1.03      0.31      0.22   0.0006     25.7750414     32.4612414  0.5449909E+01
                                   1.56      0.31      0.22   0.0012    153.9525203    211.2538181  0.5450205E+01
                                   2.10      0.31      0.22   0.0019    300.7684648    416.4372757  0.5452178E+01
                                   2.65      0.31      0.22   0.0025    187.1974021    256.0485713  0.5453171E+01
                                   3.22      0.31      0.22   0.0032     52.1840807     65.7362910  0.5453312E+01
                                   3.79      0.31      0.21   0.0038     55.7689415     70.2531682  0.5454177E+01
                                   4.38      0.31      0.21   0.0045     59.0135623     74.3413530  0.5454710E+01
                                   4.97      0.30      0.21   0.0052     61.8319213     77.8924488  0.5455026E+01
                                   5.58      0.30      0.21   0.0058     64.3134303     81.0191128  0.5455203E+01
                                   6.21      0.00      0.20   0.0064     64.4168025     81.1493583  0.5455280E+01
                                   6.84      0.00      0.20   0.0068     62.1509552     78.2944262  0.5455285E+01
                                   7.49      0.00      0.20   0.0073     59.6581073     75.1534663  0.5455244E+01
                                   8.15      0.00      0.19   0.0077     56.8331638     71.5940725  0.5455186E+01
                                   8.82      0.00      0.19   0.0081     53.5629224     67.4736127  0.5455152E+01
                                   9.51      0.00      0.18   0.0085     49.5321676     62.3949151  0.5455188E+01
                                  10.21      0.00      0.17   0.0089     23.6618472     29.7933281  0.5455366E+01
                                  10.92      0.00     -0.71   0.0094      0.0739282      0.0621737  0.5489537E+01
                                  11.65      0.00     -0.21   0.0087      0.0630449      0.0537658  0.5491846E+01
                                  12.39      0.00     -0.26   0.0082      0.0317028      0.0249476  0.5485340E+01
                                  13.15      0.00     -0.25   0.0077      0.0316975      0.0249403  0.5467626E+01
                                  13.92      0.00     -0.26   0.0071      0.0317040      0.0249492  0.5451427E+01
                                  14.71      0.00     -0.26   0.0066      0.0317085      0.0249553  0.5443372E+01
                                  15.52      0.00     -0.26   0.0060      0.0317095      0.0249567  0.5436172E+01
                                  16.34      0.00     -0.27   0.0054      0.0317095      0.0249567  0.5428632E+01
                                  17.17      0.00     -0.27   0.0048      0.0317100      0.0249574  0.5422797E+01
                                  18.03      0.00     -0.27   0.0042      0.0317102      0.0249578  0.5417251E+01
                                  18.90      0.00     -0.27   0.0036      0.0317097      0.0249570  0.5412080E+01
                                  19.78      0.00     -0.27   0.0030      0.0317081      0.0249549  0.5404286E+01
                                  20.69      0.00     -0.27   0.0024      0.0317084      0.0249553  0.5392909E+01
                                  21.61      0.00     -0.28   0.0017      0.0317097      0.0249570  0.5387016E+01
                                  22.56      0.00     -0.27   0.0010      0.0317099      0.0249573  0.5381867E+01
                                  23.52      0.00     -0.12   0.0004      0.0158548      0.0124784  0.5375818E+01
    12.0000      4320    -0.01     0.51      0.42      0.32   0.0000     67.6901173     93.7176496  0.5494612E+01
                                   1.03      0.41      0.32   0.0007     81.3593995    110.9332778  0.5495453E+01
                                   1.56      0.40      0.31   0.0013    140.4246036    192.7168854  0.5498549E+01
                                   2.10      0.39      0.31   0.0020    146.9886117    200.9874396  0.5498873E+01
                                   2.65      0.38      0.31   0.0026     42.6303223     53.6986766  0.5499942E+01
                                   3.22      0.37      0.31   0.0033    200.9273134    275.4030377  0.5501152E+01
                                   3.79      0.36      0.31   0.0040    204.7742344    280.2501246  0.5501344E+01
                                   4.38      0.35      0.31   0.0047     53.8302772     67.8104721  0.5501684E+01
                                   4.97      0.35      0.30   0.0054     56.3939847     71.0407179  0.5501983E+01
                                   5.58      0.34      0.30   0.0060     58.9520484     74.2638391  0.5502077E+01
                                   6.21      0.00      0.29   0.0067     58.8162336     74.0927178  0.5502017E+01
                                   6.84      0.00      0.29   0.0071     55.8927050     70.4091042  0.5501848E+01
                                   7.49      0.00      0.28   0.0075     31.3956477     38.5294296  0.5501497E+01
                                   8.15      0.00      0.27   0.0080     28.2773259     34.6003845  0.5501181E+01
                                   8.82      0.00      0.26   0.0084     46.3954732     58.4427174  0.5500957E+01
                                   9.51      0.00      0.25   0.0088     42.4033869     53.4127466  0.5500796E+01
                                  10.21      0.00      0.24   0.0092     20.1298809     25.3450125  0.5500816E+01
                                  10.92      0.00     -0.81   0.0096      0.0662766      0.0545415  0.5522061E+01
                                  11.65      0.00     -0.15   0.0088      0.0626816      0.0534016  0.5521108E+01
                                  12.39      0.00     -0.34   0.0084      0.0316992      0.0249426  0.5506294E+01
                                  13.15      0.00     -0.29   0.0078      0.0316999      0.0249435  0.5487978E+01
                                  13.92      0.00     -0.31   0.0073      0.0317052      0.0249508  0.5472444E+01
                                  14.71      0.00     -0.32   0.0067      0.0317062      0.0249523  0.5464067E+01
                                  15.52      0.00     -0.32   0.0061      0.0317062      0.0249522  0.5455293E+01
                                  16.34      0.00     -0.33   0.0055      0.0317095      0.0249567  0.5446783E+01
                                  17.17      0.00     -0.33   0.0049      0.0317100      0.0249575  0.5440094E+01
                                  18.03      0.00     -0.33   0.0043      0.0317092      0.0249563  0.5433503E+01
                                  18.90      0.00     -0.33   0.0037      0.0317087      0.0249556  0.5426760E+01
                                  19.78      0.00     -0.34   0.0030      0.0317071      0.0249535  0.5417569E+01
                                  20.69      0.00     -0.33   0.0023      0.0317084      0.0249553  0.5405729E+01
                                  21.61      0.00     -0.34   0.0017      0.0317097      0.0249570  0.5399133E+01
                                  22.56      0.00     -0.30   0.0010      0.0317090      0.0249560  0.5393092E+01
                                  23.52      0.00     -0.12   0.0003      0.0158539      0.0124771  0.5386545E+01
    13.0000      4680     0.01     0.51      0.58      0.17   0.0001     28.3240876     38.5797303  0.5543757E+01
                                   1.03      0.50      0.24   0.0006     40.9373781     54.4648245  0.5547626E+01
                                   1.56      0.48      0.25   0.0012     28.8866740     36.3818556  0.5549371E+01
                                   2.10      0.45      0.27   0.0017    157.6790214    216.2833139  0.5550774E+01
                                   2.65      0.44      0.28   0.0023    162.9503816    222.9251713  0.5551218E+01
                                   3.22      0.43      0.29   0.0029     44.9287426     56.5946614  0.5552236E+01
                                   3.79      0.41      0.30   0.0034     48.4021660     60.9711278  0.5552867E+01
                                   4.38      0.40      0.31   0.0040     51.6685704     65.0867540  0.5553247E+01
                                   4.97      0.40      0.32   0.0046     54.9725816     69.2497659  0.5553388E+01
                                   5.58      0.39      0.33   0.0052     58.5004315     73.6948103  0.5553330E+01
                                   6.21      0.00      0.33   0.0059     58.4857911     73.6763608  0.5553111E+01
                                   6.84      0.00      0.33   0.0062     54.8943784     69.1512320  0.5552730E+01
                                   7.49      0.00      0.33   0.0066     51.4548551     64.8174761  0.5552205E+01
                                   8.15      0.00      0.33   0.0070     28.0756131     34.5307542  0.5551580E+01
                                   8.82      0.00      0.32   0.0074     24.3938714     29.8918108  0.5550815E+01
                                   9.51      0.00      0.31   0.0078     40.1236257     50.5402731  0.5550517E+01
                                  10.21      0.00      0.29   0.0082     18.9552817     23.8654320  0.5550300E+01
                                  10.92      0.00     -0.85   0.0086      0.0637359      0.0520072  0.5556577E+01
                                  11.65      0.00     -0.06   0.0077      0.0616579      0.0523796  0.5549627E+01
                                  12.39      0.00     -0.37   0.0074      0.0316968      0.0249392  0.5530021E+01
                                  13.15      0.00     -0.28   0.0069      0.0316999      0.0249435  0.5511055E+01
                                  13.92      0.00     -0.32   0.0064      0.0317052      0.0249508  0.5495887E+01
                                  14.71      0.00     -0.31   0.0059      0.0317062      0.0249523  0.5486420E+01
                                  15.52      0.00     -0.32   0.0054      0.0317051      0.0249507  0.5476055E+01
                                  16.34      0.00     -0.33   0.0049      0.0317073      0.0249538  0.5466527E+01
                                  17.17      0.00     -0.33   0.0043      0.0317089      0.0249560  0.5458857E+01
                                  18.03      0.00     -0.34   0.0038      0.0317082      0.0249549  0.5450920E+01
                                  18.90      0.00     -0.34   0.0032      0.0317066      0.0249528  0.5442526E+01
                                  19.78      0.00     -0.34   0.0026      0.0317061      0.0249521  0.5432041E+01
                                  20.69      0.00     -0.34   0.0020      0.0317084      0.0249553  0.5419655E+01
                                  21.61      0.00     -0.34   0.0014      0.0317087      0.0249557  0.5412246E+01
                                  22.56      0.00     -0.28   0.0007      0.0317090      0.0249560  0.5405310E+01
                                  23.52      0.00     -0.08   0.0002      0.0158548      0.0124784  0.5398295E+01
    14.0000      5040     0.01     0.51      0.58      0.25   0.0001     62.1547597     86.0532094  0.5597258E+01
                                   1.03      0.57      0.26   0.0005     74.9016134    102.1065935  0.5598987E+01
                                   1.56      0.56      0.26   0.0010    130.9945993    179.7747612  0.5600842E+01
                                   2.10      0.55      0.26   0.0015    137.2632291    187.6731589  0.5601248E+01
                                   2.65      0.54      0.26   0.0020     40.2471051     50.6958552  0.5602469E+01
                                   3.22      0.53      0.27   0.0025     44.4583315     56.0019491  0.5603268E+01
                                   3.79      0.52      0.27   0.0030     48.3961403     60.9635375  0.5603770E+01
                                   4.38      0.51      0.27   0.0035     52.4003617     66.0088100  0.5604010E+01
                                   4.97      0.50      0.28   0.0040     56.6943642     71.4191888  0.5604018E+01
                                   5.58      0.49      0.28   0.0046     61.5229970     77.5032025  0.5603848E+01
                                   6.21      0.00      0.29   0.0051     61.5141355     77.4920406  0.5603540E+01
                                   6.84      0.00      0.29   0.0053     56.6560961     71.3709742  0.5603035E+01
                                   7.49      0.00      0.29   0.0056     31.9087598     39.1210802  0.5602281E+01
                                   8.15      0.00      0.30   0.0058     27.8432388     33.9985755  0.5601138E+01
                                   8.82      0.00      0.30   0.0061     44.2012586     55.6780398  0.5600558E+01
                                   9.51      0.00      0.29   0.0064     39.7973508     50.1291733  0.5599885E+01
                                  10.21      0.00      0.28   0.0066     18.7498215     23.6066105  0.5599455E+01
                                  10.92      0.00     -0.81   0.0069      0.0628846      0.0511581  0.5589753E+01
                                  11.65      0.00      0.03   0.0062      0.0610151      0.0517371  0.5577017E+01
                                  12.39      0.00     -0.37   0.0060      0.0316932      0.0249343  0.5554989E+01
                                  13.15      0.00     -0.23   0.0056      0.0316999      0.0249435  0.5535352E+01
                                  13.92      0.00     -0.29   0.0052      0.0317029      0.0249477  0.5519913E+01
                                  14.71      0.00     -0.28   0.0048      0.0317040      0.0249491  0.5508957E+01
                                  15.52      0.00     -0.30   0.0044      0.0317062      0.0249522  0.5497011E+01
                                  16.34      0.00     -0.30   0.0040      0.0317073      0.0249538  0.5486422E+01
                                  17.17      0.00     -0.31   0.0035      0.0317058      0.0249516  0.5477620E+01
                                  18.03      0.00     -0.31   0.0031      0.0317061      0.0249520  0.5468236E+01
                                  18.90      0.00     -0.32   0.0026      0.0317056      0.0249514  0.5458338E+01
                                  19.78      0.00     -0.32   0.0021      0.0317051      0.0249507  0.5446696E+01
                                  20.69      0.00     -0.32   0.0016      0.0317084      0.0249553  0.5433609E+01
                                  21.61      0.00     -0.31   0.0010      0.0317097      0.0249570  0.5425323E+01
                                  22.56      0.00     -0.24   0.0005      0.0317081      0.0249548  0.5417645E+01
                                  23.52      0.00     -0.03   0.0001      0.0158529      0.0124759  0.5409943E+01
    15.0000      5400     0.02     0.51      0.70      0.20   0.0001     19.5511174     26.0998262  0.5645067E+01
                                   1.03      0.65      0.20   0.0004    117.7129988    162.0096713  0.5648296E+01
                                   1.56      0.64      0.20   0.0007    115.3408177    157.5475931  0.5648804E+01
                                   2.10      0.61      0.20   0.0011    168.1604981    230.6834422  0.5650671E+01
                                   2.65      0.60      0.21   0.0014    174.1473749    238.2268384  0.5650900E+01
                                   3.22      0.58      0.21   0.0017     48.6962590     61.3416824  0.5651875E+01
                                   3.79      0.56      0.21   0.0021     53.3568393     67.2139507  0.5652365E+01
                                   4.38      0.55      0.22   0.0024     58.0602419     73.1401797  0.5652548E+01
                                   4.97      0.54      0.22   0.0028     62.8338940     79.1549217  0.5652487E+01
                                   5.58      0.53      0.23   0.0032     67.9279678     85.5733827  0.5652267E+01
                                   6.21      0.00      0.23   0.0037     67.8558927     85.4825787  0.5651907E+01
                                   6.84      0.00      0.24   0.0038     40.3456157     49.3652234  0.5651348E+01
                                   7.49      0.00      0.25   0.0039     35.5218258     43.2873145  0.5650133E+01
                                   8.15      0.00      0.26   0.0040     32.1767479     39.4806406  0.5649120E+01
                                   8.82      0.00      0.26   0.0042     27.5675301     33.6730876  0.5647815E+01
                                   9.51      0.00      0.26   0.0044     43.6421577     54.9735734  0.5647293E+01
                                  10.21      0.00      0.26   0.0046     20.5682451     25.8969236  0.5646802E+01
                                  10.92      0.00     -0.67   0.0048      0.0656131      0.0538797  0.5619004E+01
                                  11.65      0.00      0.10   0.0043      0.0604073      0.0511312  0.5603752E+01
                                  12.39      0.00     -0.31   0.0042      0.0316944      0.0249359  0.5579663E+01
                                  13.15      0.00     -0.15   0.0039      0.0316964      0.0249387  0.5559267E+01
                                  13.92      0.00     -0.23   0.0037      0.0317006      0.0249444  0.5543125E+01
                                  14.71      0.00     -0.22   0.0034      0.0317029      0.0249477  0.5530553E+01
                                  15.52      0.00     -0.23   0.0031      0.0317039      0.0249491  0.5517118E+01
                                  16.34      0.00     -0.24   0.0028      0.0317063      0.0249523  0.5505439E+01
                                  17.17      0.00     -0.25   0.0025      0.0317057      0.0249516  0.5495464E+01
                                  18.03      0.00     -0.26   0.0022      0.0317051      0.0249507  0.5484712E+01
                                  18.90      0.00     -0.27   0.0018      0.0317036      0.0249486  0.5473406E+01
                                  19.78      0.00     -0.27   0.0014      0.0317041      0.0249493  0.5460711E+01
                                  20.69      0.00     -0.27   0.0011      0.0317074      0.0249539  0.5446923E+01
                                  21.61      0.00     -0.26   0.0007      0.0317097      0.0249570  0.5437782E+01
                                  22.56      0.00     -0.17   0.0003      0.0317090      0.0249560  0.5429279E+01
                                  23.52      0.00      0.02   0.0000      0.0158539      0.0124771  0.5421122E+01
    16.0000      5760     0.02     0.51      0.99      0.30  -0.0000     16.1498692     21.1511087  0.5686538E+01
                                   1.03      0.92      0.27   0.0001     74.4442735    100.5848218  0.5690013E+01
                                   1.56      0.88      0.26   0.0003     78.5075221    104.8944890  0.5691100E+01
                                   2.10      0.85      0.25   0.0005     44.4674492     56.0134370  0.5692472E+01
                                   2.65      0.80      0.24   0.0007    231.3005924    317.2273561  0.5693698E+01
                                   3.22      0.79      0.24   0.0009    238.9343083    326.8457577  0.5693798E+01
                                   3.79      0.76      0.23   0.0011     67.2118459     84.6710801  0.5694259E+01
                                   4.38      0.73      0.22   0.0013     74.3560214     93.6726481  0.5694427E+01
                                   4.97      0.71      0.22   0.0015     80.8593631    101.8667780  0.5694356E+01
                                   5.58      0.69      0.21   0.0020     86.3741525    108.8153385  0.5694171E+01
                                   6.21      0.00      0.21   0.0024     62.4611322     76.6409934  0.5693825E+01
                                   6.84      0.00      0.21   0.0023     56.0475746     68.5599912  0.5693350E+01
                                   7.49      0.00      0.21   0.0023     72.8516979     91.7772204  0.5692879E+01
                                   8.15      0.00      0.21   0.0022     42.6485157     52.2140786  0.5692313E+01
                                   8.82      0.00      0.21   0.0022     36.2017588     44.0912507  0.5691081E+01
                                   9.51      0.00      0.21   0.0023     53.3081777     67.1526417  0.5690698E+01
                                  10.21      0.00      0.21   0.0023     25.0688568     31.5647223  0.5690327E+01
                                  10.92      0.00     -0.48   0.0024      0.0764207      0.0646599  0.5645112E+01
                                  11.65      0.00      0.15   0.0022      0.0601121      0.0508364  0.5628501E+01
                                  12.39      0.00     -0.21   0.0022      0.0316920      0.0249326  0.5602536E+01
                                  13.15      0.00     -0.07   0.0021      0.0316975      0.0249403  0.5581241E+01
                                  13.92      0.00     -0.15   0.0020      0.0316995      0.0249429  0.5564096E+01
                                  14.71      0.00     -0.14   0.0019      0.0317006      0.0249445  0.5550032E+01
                                  15.52      0.00     -0.16   0.0017      0.0317040      0.0249491  0.5535189E+01
                                  16.34      0.00     -0.17   0.0016      0.0317041      0.0249493  0.5522438E+01
                                  17.17      0.00     -0.18   0.0014      0.0317047      0.0249501  0.5511406E+01
                                  18.03      0.00     -0.19   0.0012      0.0317051      0.0249507  0.5499405E+01
                                  18.90      0.00     -0.20   0.0010      0.0317026      0.0249472  0.5486869E+01
                                  19.78      0.00     -0.21   0.0008      0.0317031      0.0249479  0.5473269E+01
                                  20.69      0.00     -0.21   0.0006      0.0317065      0.0249526  0.5458782E+01
                                  21.61      0.00     -0.20   0.0003      0.0317087      0.0249556  0.5448858E+01
                                  22.56      0.00     -0.11   0.0001      0.0317090      0.0249560  0.5439726E+01
                                  23.52      0.00      0.06  -0.0001      0.0158539      0.0124771  0.5430937E+01
    17.0000      6120     0.01     0.51      0.80      0.12  -0.0001    112.4386303    155.6779072  0.5723423E+01
                                   1.03      0.80      0.12   0.0000    134.9976938    184.0945520  0.5723857E+01
                                   1.56      0.80      0.11   0.0001     51.5489513     64.9360381  0.5725917E+01
                                   2.10      0.80      0.11   0.0002    285.7499011    392.0293972  0.5726170E+01
                                   2.65      0.81      0.11   0.0004    296.9722077    406.1693698  0.5726676E+01
                                   3.22      0.81      0.11   0.0005     85.5570100    107.7857520  0.5727109E+01
                                   3.79      0.81      0.11   0.0006     95.6393778    120.4894111  0.5727303E+01
                                   4.38      0.81      0.11   0.0008    105.5599190    132.9891570  0.5727311E+01
                                   4.97      0.81      0.11   0.0009    114.1504012    143.8130531  0.5727173E+01
                                   5.58      0.81      0.11   0.0013    121.7626035    153.4043252  0.5727002E+01
                                   6.21      0.00      0.11   0.0017    121.7891276    153.4377597  0.5726804E+01
                                   6.84      0.00      0.12   0.0015     85.4618475    105.0601155  0.5726506E+01
                                   7.49      0.00      0.12   0.0013     77.8454542     95.4635628  0.5726167E+01
                                   8.15      0.00      0.13   0.0011     98.6536127    124.2873073  0.5725899E+01
                                   8.82      0.00      0.13   0.0009     90.7369796    114.3124420  0.5725595E+01
                                   9.51      0.00      0.13   0.0007     82.6632231    104.1396149  0.5725301E+01
                                  10.21      0.00      0.13   0.0005     39.3738272     49.5738303  0.5725064E+01
                                  10.92      0.00     -0.25   0.0004      0.1334454      0.1215400  0.5669481E+01
                                  11.65      0.00      0.20   0.0004      0.0601109      0.0508347  0.5649014E+01
                                  12.39      0.00     -0.08   0.0005      0.0316896      0.0249294  0.5621410E+01
                                  13.15      0.00      0.03   0.0005      0.0316940      0.0249354  0.5599156E+01
                                  13.92      0.00     -0.04   0.0006      0.0316983      0.0249413  0.5580961E+01
                                  14.71      0.00     -0.04   0.0006      0.0317006      0.0249445  0.5565614E+01
                                  15.52      0.00     -0.06   0.0006      0.0317018      0.0249461  0.5549566E+01
                                  16.34      0.00     -0.07   0.0006      0.0317030      0.0249478  0.5535917E+01
                                  17.17      0.00     -0.09   0.0005      0.0317036      0.0249487  0.5524044E+01
                                  18.03      0.00     -0.10   0.0005      0.0317040      0.0249492  0.5510991E+01
                                  18.90      0.00     -0.12   0.0004      0.0317046      0.0249500  0.5497509E+01
                                  19.78      0.00     -0.13   0.0003      0.0317021      0.0249466  0.5483223E+01
                                  20.69      0.00     -0.14   0.0002      0.0317035      0.0249485  0.5468130E+01
                                  21.61      0.00     -0.13   0.0001      0.0317087      0.0249556  0.5457500E+01
                                  22.56      0.00     -0.05  -0.0000      0.0317081      0.0249548  0.5447830E+01
                                  23.52      0.00      0.10  -0.0001      0.0158529      0.0124759  0.5438725E+01
    18.0000      6480     0.00     0.51      0.72      0.01  -0.0001     16.8597617     21.2355936  0.5740543E+01
                                   1.03      0.72     -0.01  -0.0001    201.8059418    277.3098089  0.5742690E+01
                                   1.56      0.73     -0.01  -0.0001    217.4341120    297.0011160  0.5743140E+01
                                   2.10      0.73     -0.02  -0.0001    320.2107921    439.3090680  0.5744620E+01
                                   2.65      0.73     -0.02  -0.0000    332.8365460    455.2173615  0.5744732E+01
                                   3.22      0.73     -0.02   0.0000     95.4914931    120.3030720  0.5745287E+01
                                   3.79      0.74     -0.02   0.0001    105.8059558    133.2991570  0.5745632E+01
                                   4.38      0.74     -0.02   0.0001    115.8795878    145.9918171  0.5745824E+01
                                   4.97      0.74     -0.02   0.0002    124.5768182    156.9502056  0.5745887E+01
                                   5.58      0.74     -0.02   0.0005    132.1005821    166.4300635  0.5745921E+01
                                   6.21      0.00     -0.01   0.0007    132.4092411    166.8189652  0.5745930E+01
                                   6.84      0.00     -0.01   0.0005    125.3594831    157.9363644  0.5745911E+01
                                   7.49      0.00     -0.01   0.0002    118.2306185    148.9540748  0.5745864E+01
                                   8.15      0.00     -0.01  -0.0001    110.9071635    139.7266239  0.5745792E+01
                                   8.82      0.00     -0.00  -0.0004    103.3863239    130.2504726  0.5745697E+01
                                   9.51      0.00     -0.00  -0.0007     95.5388322    120.3627139  0.5745586E+01
                                  10.21      0.00     -0.00  -0.0010     45.8697928     57.7518018  0.5745469E+01
                                  10.92      0.00     -0.08  -0.0013      0.1584561      0.1464872  0.5691720E+01
                                  11.65      0.00      0.25  -0.0011      0.0912751      0.0890937  0.5663251E+01
                                  12.39      0.00      0.06  -0.0010      0.0639636      0.0642950  0.5634639E+01
                                  13.15      0.00      0.12  -0.0008      0.0316940      0.0249354  0.5611085E+01
                                  13.92      0.00      0.07  -0.0006      0.0316983      0.0249414  0.5592132E+01
                                  14.71      0.00      0.06  -0.0005      0.0317006      0.0249445  0.5575906E+01
                                  15.52      0.00      0.04  -0.0004      0.0317007      0.0249446  0.5558929E+01
                                  16.34      0.00      0.02  -0.0003      0.0317008      0.0249448  0.5544630E+01
                                  17.17      0.00      0.01  -0.0002      0.0317036      0.0249487  0.5532210E+01
                                  18.03      0.00     -0.01  -0.0001      0.0317040      0.0249492  0.5518484E+01
                                  18.90      0.00     -0.03  -0.0001      0.0317036      0.0249486  0.5504317E+01
                                  19.78      0.00     -0.04  -0.0001      0.0317011      0.0249452  0.5489533E+01
                                  20.69      0.00     -0.06  -0.0001      0.0317035      0.0249485  0.5474063E+01
                                  21.61      0.00     -0.05  -0.0001      0.0317087      0.0249556  0.5462964E+01
                                  22.56      0.00      0.00  -0.0001      0.0317081      0.0249548  0.5453090E+01
                                  23.52      0.00      0.15  -0.0001      0.0158529      0.0124759  0.5443669E+01
    19.0000      6840    -0.01     0.51      0.53     -0.24  -0.0001     39.5927485     52.8777391  0.5739477E+01
                                   1.03      0.57     -0.21  -0.0000     66.1779195     86.3672234  0.5740801E+01
                                   1.56      0.60     -0.19  -0.0000    279.3189511    383.4246099  0.5742730E+01
                                   2.10      0.61     -0.19   0.0000    294.0321900    401.9631445  0.5742900E+01
                                   2.65      0.63     -0.18   0.0001     88.9550801    112.0672747  0.5743944E+01
                                   3.22      0.65     -0.17   0.0002    440.8259690    604.4260412  0.5744767E+01
                                   3.79      0.65     -0.17   0.0002    451.1150345    617.3901632  0.5744848E+01
                                   4.38      0.66     -0.16   0.0003    120.2035416    151.4399331  0.5745368E+01
                                   4.97      0.67     -0.15   0.0004    128.2343455    161.5586504  0.5745769E+01
                                   5.58      0.67     -0.15   0.0006    135.5632022    170.7929000  0.5746111E+01
                                   6.21      0.00     -0.14   0.0008    136.7613673    172.3025739  0.5746403E+01
                                   6.84      0.00     -0.14   0.0005    131.8221353    166.0792157  0.5746654E+01
                                   7.49      0.00     -0.14   0.0002    126.4699642    159.3355462  0.5746859E+01
                                   8.15      0.00     -0.13  -0.0001    120.4608660    151.7641544  0.5747014E+01
                                   8.82      0.00     -0.13  -0.0005    457.4254155    626.0414422  0.5747103E+01
                                   9.51      0.00     -0.13  -0.0008    448.1694847    614.3790483  0.5747109E+01
                                  10.21      0.00     -0.13  -0.0012     49.5205028     62.3456575  0.5747104E+01
                                  10.92      0.00     -0.05  -0.0015      0.1802808      0.1682566  0.5706206E+01
                                  11.65      0.00      0.25  -0.0014      0.0859447      0.0741597  0.5668875E+01
                                  12.39      0.00      0.17  -0.0012      0.0596493      0.0503735  0.5641181E+01
                                  13.15      0.00      0.19  -0.0010      0.0316905      0.0249306  0.5615739E+01
                                  13.92      0.00      0.14  -0.0008      0.0316983      0.0249413  0.5596430E+01
                                  14.71      0.00      0.13  -0.0006      0.0317006      0.0249445  0.5579610E+01
                                  15.52      0.00      0.11  -0.0005      0.0316996      0.0249431  0.5562239E+01
                                  16.34      0.00      0.09  -0.0003      0.0317008      0.0249448  0.5547718E+01
                                  17.17      0.00      0.07  -0.0002      0.0317036      0.0249487  0.5535279E+01
                                  18.03      0.00      0.05  -0.0001      0.0317040      0.0249492  0.5521105E+01
                                  18.90      0.00      0.03  -0.0001      0.0317036      0.0249486  0.5506624E+01
                                  19.78      0.00      0.01  -0.0000      0.0317021      0.0249466  0.5491862E+01
                                  20.69      0.00     -0.01  -0.0000      0.0317035      0.0249485  0.5476147E+01
                                  21.61      0.00     -0.01  -0.0000      0.0317068      0.0249530  0.5464988E+01
                                  22.56      0.00      0.02  -0.0001      0.0317080      0.0249547  0.5455036E+01
                                  23.52      0.00      0.16  -0.0001      0.0158539      0.0124771  0.5445435E+01
    20.0000      7200    -0.01     0.51      0.40     -0.32  -0.0000     16.9030717     21.2901644  0.5731186E+01
                                   1.03      0.41     -0.32  -0.0001    197.3321848    271.1099014  0.5732893E+01
                                   1.56      0.41     -0.32  -0.0001    211.8778974    289.4373238  0.5733222E+01
                                   2.10      0.42     -0.32  -0.0001     68.7611010     86.6231229  0.5734107E+01
                                   2.65      0.44     -0.32  -0.0001     80.2156143    101.0556519  0.5735310E+01
                                   3.22      0.45     -0.32  -0.0000    388.2264346    532.1875215  0.5735913E+01
                                   3.79      0.45     -0.32  -0.0000    397.1372545    543.4150621  0.5736066E+01
                                   4.38      0.46     -0.32   0.0000    108.9666132    137.2815482  0.5736826E+01
                                   4.97      0.47     -0.31   0.0001    120.4688847    151.7742686  0.5737387E+01
                                   5.58      0.48     -0.31   0.0001    446.6987029    607.5043604  0.5737851E+01
                                   6.21      0.00     -0.31   0.0002    447.3533854    608.3292514  0.5737936E+01
                                   6.84      0.00     -0.31  -0.0001    122.7848232    154.6923257  0.5738180E+01
                                   7.49      0.00     -0.30  -0.0004    113.8413139    143.4236206  0.5738521E+01
                                   8.15      0.00     -0.30  -0.0007    107.0060115    134.8112151  0.5738811E+01
                                   8.82      0.00     -0.30  -0.0011    100.9928901    127.2347663  0.5739030E+01
                                   9.51      0.00     -0.30  -0.0014     94.6987420    119.3042099  0.5739175E+01
                                  10.21      0.00     -0.30  -0.0018     45.7959622     57.6597219  0.5739232E+01
                                  10.92      0.00     -0.12  -0.0021      0.1531248      0.1411695  0.5715217E+01
                                  11.65      0.00      0.24  -0.0020      0.0849629      0.0731804  0.5673174E+01
                                  12.39      0.00      0.27  -0.0019      0.0593780      0.0501029  0.5644095E+01
                                  13.15      0.00      0.28  -0.0016      0.0316905      0.0249306  0.5617514E+01
                                  13.92      0.00      0.24  -0.0014      0.0316971      0.0249398  0.5597608E+01
                                  14.71      0.00      0.22  -0.0011      0.0316995      0.0249430  0.5580467E+01
                                  15.52      0.00      0.20  -0.0009      0.0316996      0.0249431  0.5563004E+01
                                  16.34      0.00      0.17  -0.0007      0.0317019      0.0249463  0.5548130E+01
                                  17.17      0.00      0.15  -0.0006      0.0317036      0.0249487  0.5535816E+01
                                  18.03      0.00      0.13  -0.0004      0.0317030      0.0249478  0.5521426E+01
                                  18.90      0.00      0.11  -0.0003      0.0317036      0.0249486  0.5506824E+01
                                  19.78      0.00      0.09  -0.0002      0.0317021      0.0249466  0.5492190E+01
                                  20.69      0.00      0.07  -0.0001      0.0317035      0.0249485  0.5476409E+01
                                  21.61      0.00      0.05  -0.0001      0.0317068      0.0249530  0.5465291E+01
                                  22.56      0.00      0.06  -0.0001      0.0317080      0.0249547  0.5455306E+01
                                  23.52      0.00      0.22  -0.0001      0.0158539      0.0124771  0.5445645E+01
    21.0000      7560    -0.01     0.51      0.74     -0.44   0.0001     23.7892801     31.1987475  0.5719710E+01
                                   1.03      0.65     -0.42   0.0000     46.3547278     59.6234296  0.5721980E+01
                                   1.56      0.58     -0.39  -0.0001    239.2336726    328.4223005  0.5724257E+01
                                   2.10      0.57     -0.39  -0.0001    252.2088587    344.7708488  0.5724456E+01
                                   2.65      0.53     -0.38  -0.0002     76.6895525     96.6128707  0.5725662E+01
                                   3.22      0.51     -0.37  -0.0003    378.8914904    519.4807425  0.5726530E+01
                                   3.79      0.50     -0.37  -0.0005    388.3522749    531.4011872  0.5726629E+01
                                   4.38      0.48     -0.37  -0.0006    106.3092519    133.9333132  0.5727363E+01
                                   4.97      0.47     -0.36  -0.0007    116.6352816    146.9439827  0.5727946E+01
                                   5.58      0.46     -0.36  -0.0007    127.1902211    160.2430642  0.5728406E+01
                                   6.21      0.00     -0.36  -0.0007    513.9853805    703.4068555  0.5728740E+01
                                   6.84      0.00     -0.36  -0.0010    503.6220327    690.3491914  0.5728789E+01
                                   7.49      0.00     -0.35  -0.0013    107.4372139    135.3545301  0.5729181E+01
                                   8.15      0.00     -0.35  -0.0017     99.6215921    125.5069394  0.5729514E+01
                                   8.82      0.00     -0.35  -0.0020     93.0203311    117.1894372  0.5729774E+01
                                   9.51      0.00     -0.35  -0.0023     86.5686592    109.0604160  0.5729957E+01
                                  10.21      0.00     -0.35  -0.0026     41.7135376     52.5216991  0.5730048E+01
                                  10.92      0.00     -0.22  -0.0030      0.1313554      0.1194552  0.5719244E+01
                                  11.65      0.00      0.15  -0.0029      0.0849295      0.0731471  0.5678831E+01
                                  12.39      0.00      0.31  -0.0028      0.0591125      0.0498381  0.5647390E+01
                                  13.15      0.00      0.36  -0.0025      0.0316893      0.0249290  0.5619636E+01
                                  13.92      0.00      0.33  -0.0022      0.0316960      0.0249382  0.5598811E+01
                                  14.71      0.00      0.31  -0.0019      0.0316995      0.0249430  0.5581204E+01
                                  15.52      0.00      0.28  -0.0016      0.0317007      0.0249446  0.5563617E+01
                                  16.34      0.00      0.26  -0.0013      0.0317019      0.0249463  0.5548319E+01
                                  17.17      0.00      0.24  -0.0011      0.0317026      0.0249472  0.5536115E+01
                                  18.03      0.00      0.21  -0.0009      0.0317030      0.0249478  0.5521506E+01
                                  18.90      0.00      0.19  -0.0007      0.0317036      0.0249486  0.5506810E+01
                                  19.78      0.00      0.17  -0.0005      0.0317021      0.0249466  0.5492249E+01
                                  20.69      0.00      0.15  -0.0004      0.0317035      0.0249485  0.5476448E+01
                                  21.61      0.00      0.13  -0.0003      0.0317068      0.0249530  0.5465320E+01
                                  22.56      0.00      0.11  -0.0002      0.0317080      0.0249547  0.5455312E+01
                                  23.52      0.00      0.29  -0.0001      0.0158539      0.0124771  0.5445644E+01
    22.0000      7920     0.00     0.51      0.67     -0.57   0.0001     32.5755565     43.2381267  0.5714377E+01
                                   1.03      0.64     -0.53  -0.0001     57.1881607     74.2421951  0.5715869E+01
                                   1.56      0.61     -0.52  -0.0004    258.6152032    355.0034389  0.5717299E+01
                                   2.10      0.61     -0.51  -0.0006    272.1581049    372.0673174  0.5717473E+01
                                   2.65      0.58     -0.49  -0.0009     82.0291508    103.3406891  0.5718621E+01
                                   3.22      0.57     -0.48  -0.0012    401.4462605    550.3711477  0.5719490E+01
                                   3.79      0.57     -0.48  -0.0014    410.3854671    561.6344512  0.5719572E+01
                                   4.38      0.56     -0.47  -0.0017    109.4287820    137.8638856  0.5720068E+01
                                   4.97      0.55     -0.46  -0.0020    115.5732572    145.6058398  0.5720417E+01
                                   5.58      0.54     -0.44  -0.0020    120.3052141    151.5680458  0.5720724E+01
                                   6.21      0.00     -0.44  -0.0021    120.5773279    151.9108936  0.5720992E+01
                                   6.84      0.00     -0.43  -0.0025    116.3212117    146.5482451  0.5721227E+01
                                   7.49      0.00     -0.43  -0.0029    111.8304208    140.8899110  0.5721425E+01
                                   8.15      0.00     -0.42  -0.0034    106.7971438    134.5480420  0.5721584E+01
                                   8.82      0.00     -0.42  -0.0038    409.5467925    560.5671555  0.5721702E+01
                                   9.51      0.00     -0.42  -0.0042    401.4658183    550.3852665  0.5721713E+01
                                  10.21      0.00     -0.42  -0.0046     44.0836698     55.5037195  0.5721777E+01
                                  10.92      0.00     -0.25  -0.0051      0.1487699      0.1368256  0.5720156E+01
                                  11.65      0.00      0.08  -0.0051      0.0853920      0.0736084  0.5689127E+01
                                  12.39      0.00      0.35  -0.0049      0.0585970      0.0493235  0.5654384E+01
                                  13.15      0.00      0.47  -0.0045      0.0316881      0.0249274  0.5624173E+01
                                  13.92      0.00      0.47  -0.0040      0.0316949      0.0249366  0.5601543E+01
                                  14.71      0.00      0.44  -0.0036      0.0316984      0.0249414  0.5583195E+01
                                  15.52      0.00      0.41  -0.0032      0.0316996      0.0249431  0.5565288E+01
                                  16.34      0.00      0.39  -0.0028      0.0317008      0.0249448  0.5549368E+01
                                  17.17      0.00      0.37  -0.0024      0.0317026      0.0249472  0.5536988E+01
                                  18.03      0.00      0.34  -0.0021      0.0317030      0.0249478  0.5522234E+01
                                  18.90      0.00      0.32  -0.0017      0.0317036      0.0249486  0.5507270E+01
                                  19.78      0.00      0.30  -0.0014      0.0317021      0.0249466  0.5492785E+01
                                  20.69      0.00      0.28  -0.0011      0.0317035      0.0249485  0.5476835E+01
                                  21.61      0.00      0.26  -0.0008      0.0317068      0.0249530  0.5465495E+01
                                  22.56      0.00      0.21  -0.0005      0.0317080      0.0249547  0.5455374E+01
                                  23.52      0.00      0.45  -0.0003      0.0158539      0.0124771  0.5445644E+01
    23.0000      8280     0.01     0.51      0.43     -0.69   0.0001     36.3530754     48.4580453  0.5709144E+01
                                   1.03      0.42     -0.68  -0.0003    165.8791676    226.7237753  0.5710484E+01
                                   1.56      0.42     -0.67  -0.0007    353.6424413    488.5762557  0.5711486E+01
                                   2.10      0.42     -0.66  -0.0012    260.6427297    356.3258052  0.5712016E+01
                                   2.65      0.41     -0.66  -0.0016     78.2032311     98.5200796  0.5712968E+01
                                   3.22      0.41     -0.64  -0.0020     88.7896121    111.8587889  0.5713781E+01
                                   3.79      0.41     -0.62  -0.0025     99.9792479    125.9575784  0.5714384E+01
                                   4.38      0.41     -0.62  -0.0029    484.1785505    663.8041139  0.5714791E+01
                                   4.97      0.41     -0.61  -0.0034    488.0005866    668.6197966  0.5714820E+01
                                   5.58      0.41     -0.60  -0.0036    112.6788557    141.9589296  0.5715066E+01
                                   6.21      0.00     -0.59  -0.0037    109.4700210    137.9158348  0.5715306E+01
                                   6.84      0.00     -0.57  -0.0042    104.8197038    132.0564933  0.5715528E+01
                                   7.49      0.00     -0.56  -0.0046    100.5209703    126.6401447  0.5715724E+01
                                   8.15      0.00     -0.55  -0.0051     96.0248150    120.9750585  0.5715892E+01
                                   8.82      0.00     -0.55  -0.0056     91.0374429    114.6910340  0.5716027E+01
                                   9.51      0.00     -0.54  -0.0060     85.2450915    107.3927432  0.5716127E+01
                                  10.21      0.00     -0.54  -0.0065     41.1421759     51.8015400  0.5716184E+01
                                  10.92      0.00     -0.28  -0.0070      0.1349319      0.1230227  0.5718260E+01
                                  11.65      0.00      0.02  -0.0070      0.0870230      0.0752353  0.5701392E+01
                                  12.39      0.00      0.34  -0.0067      0.0585946      0.0493202  0.5665744E+01
                                  13.15      0.00      0.54  -0.0062      0.0316835      0.0249209  0.5631996E+01
                                  13.92      0.00      0.58  -0.0057      0.0316925      0.0249334  0.5606226E+01
                                  14.71      0.00      0.57  -0.0051      0.0316984      0.0249414  0.5586381E+01
                                  15.52      0.00      0.54  -0.0046      0.0316996      0.0249431  0.5568087E+01
                                  16.34      0.00      0.51  -0.0041      0.0317008      0.0249448  0.5551456E+01
                                  17.17      0.00      0.49  -0.0036      0.0317026      0.0249472  0.5538438E+01
                                  18.03      0.00      0.47  -0.0031      0.0317019      0.0249464  0.5523725E+01
                                  18.90      0.00      0.45  -0.0027      0.0317036      0.0249486  0.5508443E+01
                                  19.78      0.00      0.43  -0.0022      0.0317031      0.0249480  0.5493783E+01
                                  20.69      0.00      0.41  -0.0017      0.0317025      0.0249472  0.5477613E+01
                                  21.61      0.00      0.40  -0.0013      0.0317067      0.0249530  0.5465847E+01
                                  22.56      0.00      0.31  -0.0009      0.0317081      0.0249548  0.5455562E+01
                                  23.52      0.00      0.65  -0.0005      0.0158529      0.0124759  0.5445673E+01
