Lake Tahoe   R41(dx= 200m),   imx =  102,jmx =  174,ncols = 102
HV       V   V   V   V   V   V   V   V   V   V   V   V   V   V   V   V   V   V   V   V   V   V   V   V   V   V   V   V   V   V   V   V   V   V   V   V   V   V   V   V   V   V   V   V   V   V   V   V   V   V   V   V   V   V   V   V   V   V   V   V   V   V   V   V   V   V   V   V   V   V   V   V   V   V   V   V   V   V   V   V   V   V   V   V   V   V   V   V   V   V   V   V   V   V   V   V   V   V   V   V   V   V
         2    3    4    5    6    7    8    9   10   11   12   13   14   15   16   17   18   19   20   21   22   23   24   25   26   27   28   29   30   31   32   33   34   35   36   37   38   39   40   41   42   43   44   45   46   47   48   49   50   51   52   53   54   55   56   57   58   59   60   61   62   63   64   65   66   67   68   69   70   71   72   73   74   75   76   77   78   79   80   81   82   83   84   85   86   87   88   89   90   91   92   93   94   95   96   97   98   99  100  101  102  103
  175  -99  -99  -99  -99  -99  -99  -99  -99  -99  -99  -99  -99  -99  -99  -99  -99  -99  -99  -99  -99  -99  -99  -99  -99  -99  -99  -99  -99  -99  -99  -99  -99  -99  -99  -99  -99  -99  -99  -99  -99  -99  -99  -99  -99  -99  -99  -99  -99  -99  -99  -99  -99  -99  -99  -99  -99  -99  -99  -99  -99  -99  -99  -99  -99  -99  -99  -99  -99  -99  -99  -99  106  113  264   38   79   66   26   43   41   14  -99  -99  -99  -99  -99  -99  -99  -99  -99  -99  -99  -99  -99  -99  -99  -99  -99  -99  -99  -99  -99 
  174  -99  -99  -99  -99  -99  -99  -99  -99  -99  -99  -99  -99  -99  -99  -99  -99  -99  -99  -99  -99  -99  -99  -99  -99  -99  -99  -99  -99  -99  -99  -99  -99  -99  -99  -99  -99  -99  -99  -99  -99  -99  -99  -99  -99  -99  -99  -99  -99  -99  -99  -99  -99  -99  -99  -99  -99  -99  -99  -99  -99  -99  -99  -99  -99  -99  -99  -99  -99  -99  -99   92  428  853  700  155  294  638  258  435  113   82   34  -99  -99  -99  -99  -99  -99  -99  -99  -99  -99  -99  -99  -99  -99  -99  -99  -99  -99  -99  -99 
  173  -99  -99  -99  -99  -99  -99  -99  -99  -99  -99  -99  -99  -99  -99  -99  -99  -99  -99  -99  -99  -99  -99  -99  -99  -99  -99  -99  -99  -99  -99  -99  -99  -99  -99  -99  -99  -99  -99  -99  -99  -99  -99  -99  -99  -99  -99  -99  -99  -99  -99  -99  -99  -99  -99  -99  -99  -99  -99  -99  -99  -99  -99  -99  -99  -99  -99  -99  -99  -99  -99  461  965 1401 1069 1003  943 1049  930  519  213  144   92   65   20   31  -99  -99  -99  -99  -99  -99  -99  -99  -99  -99  -99  -99  -99  -99  -99  -99  -99 
  172  -99  -99  -99  -99  -99  -99  -99  -99  -99  -99  -99  -99  -99  -99  -99  -99  -99  -99  -99  -99  -99  -99  -99  -99  -99  -99  -99  -99  -99  -99  -99  -99  -99  -99  -99  -99  -99  -99  -99  -99  -99  -99  -99  -99  -99  -99  -99  -99  -99  -99  -99  -99  -99  -99  -99  -99  -99  -99  -99  -99  -99  -99  -99  -99  -99  -99  -99  -99  -99   67  982 1440 1742 1605 1483 1409 1551 1272  807  944  370  190  156  136  124  105   67   24  -99  -99  -99  -99  -99  -99  -99  -99  -99  -99  -99  -99  -99  -99 
  171  -99  -99  -99  -99  -99  -99  -99  -99  -99  -99  -99  -99  -99  -99  -99  -99  -99  -99  -99  -99  -99  -99  -99  -99  -99  -99  -99  -99  -99  -99  -99  -99  -99  -99  -99  -99  -99  -99  -99  -99  -99  -99  -99  -99  -99  -99  -99  -99  -99  -99  -99  -99  -99  -99  -99  -99  -99  -99  -99  -99  -99  -99  -99  -99  -99  -99  -99  -99  -99  275 1321 1872 2139 2204 1941 1914 1787 1331 1178 1335  829  289  244  236  212  155  117  100   71   43   22  -99  -99  -99  -99  -99  -99  -99  -99  -99  -99  -99 
  170  -99  -99  -99  -99  -99  -99  -99  -99  -99  -99  -99  -99  -99  -99  -99  -99  -99  -99  -99  -99  -99  -99  -99  -99  -99  -99  -99  -99  -99  -99  -99  -99  -99  -99  -99  -99  -99  -99  -99  -99  -99  -99  -99  -99  -99  -99  -99  -99  -99  -99  -99  -99  -99  -99  -99  -99  -99  -99  -99  -99  -99  -99  -99  -99  -99  -99  -99  -99  -99  154 1313 1858 2328 2551 2510 2526 2108 1563 1356 1559 1251  772  324  280  265  254  195  148  122  103  271   43   17  -99  -99  -99  -99  -99  -99  -99  -99  -99 
  169  -99  -99  -99  -99  -99  -99  -99  -99  -99  -99  -99  -99  -99  -99  -99  -99  -99  -99  -99  -99  -99  -99  -99  -99  -99  -99  -99  -99  -99  -99  -99  -99  -99  -99  -99  -99  -99  -99  -99  -99  -99  -99  -99   15   16   17   17   15   14  -99  -99  -99  -99  -99  -99  -99  -99  -99  -99  -99  -99  -99  -99  -99  -99  -99  -99  -99  -99  337 1594 2140 2536 2869 3004 2792 2332 1875 1717 1673 1455 1169  752  369  306  294  731  736  594  562  552   97   57   30  -99  -99  -99  -99  -99  -99  -99  -99 
  168  -99  -99  -99  -99  -99  -99  -99  -99  -99  -99  -99  -99  -99  -99  -99  -99  -99  -99  -99  -99  -99  -99  -99  -99  -99  -99  -99  -99  -99  -99  -99  -99  -99  -99  -99  -99  -99  -99  -99  -99  -99  -99   38   55   72   75   72   68   78   51   34   41   36   29   26   17   13  -99  -99  -99  -99  -99  -99  -99  -99  -99  -99  -99  -99 1137 1873 2353 2683 3096 3195 3109 2805 2276 2455 1885 1651 1703 1115  793  566  379 1142 1094 1080 1085  938  373  104   73   39   25  -99  -99  -99  -99  -99  -99 
  167  -99  -99  -99  -99  -99  -99  -99  -99  -99  -99  -99  -99  -99  -99  -99  -99  -99  -99  -99  -99  -99  -99  -99  -99  -99  -99  -99  -99  -99  -99  -99  -99  -99  -99  -99  -99  -99  -99  -99   29   82   98  112  117  125  125  109  116  106   96   82   72   66   84   54   61   50   45   24  -99  -99  -99  -99  -99  -99  -99  -99  -99  -99 1528 2548 2746 2995 3333 3389 3403 3196 2920 3000 2137 1910 1979 1417 1168  906  911 1402 1385 1488 1386 1186  902  619  110   86   77   36  -99  -99  -99  -99  -99 
  166  -99  -99  -99  -99  -99  -99  -99  -99  -99  -99  -99  -99  -99  -99  -99  -99  -99  -99  -99  -99  -99  -99  -99  -99  -99  -99  -99  -99  -99  -99  -99  -99  -99  -99  -99  -99  -99  -99  -99   67  109  129  142  150  150  145  143  149  133  119   94  109  110   96   97   81   77   80   64   63   39  -99  -99  -99  -99  -99  -99  -99  -99 1491 2646 3209 3442 3617 3575 3634 3478 3231 3373 2418 2362 2446 1729 1446 1097 1417 1672 1604 1737 1672 1454 1276 1067  745  469  129   97   53  -99  -99  -99  -99 
  165  -99  -99  -99  -99  -99  -99  -99  -99  -99  -99  -99  -99  -99  -99  -99  -99  -99  -99  -99  -99  -99  -99  -99  -99  -99  -99  -99  -99  -99  -99  -99  -99  -99  -99  -99  -99  -99  -99  -99   44  113  156  172  181  181  177  163  188  178  166  153  147  134  122  114  112  102   93  103   91   80   37  -99  -99  -99  -99  -99  -99  -99 1330 2207 3384 3681 3800 3763 3860 3885 3949 3376 2891 2779 2558 2263 1722 1330 1682 1830 1764 1943 1867 1797 1560 1403 1227  935  536  121  100  -99  -99  -99  -99 
  164  -99  -99  -99  -99  -99  -99  -99  -99  -99  -99  -99  -99  -99  -99  -99  -99  -99  -99  -99  -99  -99  -99  -99  -99  -99  -99  -99  -99  -99  -99  -99  -99  -99  -99  -99  -99  -99  -99  -99  -99  147  186  211  221  230  221  210  203  201  194  184  188  184  178  162  145  122  110  122  110   97   62   27  -99  -99  -99  -99  -99  -99  751 2245 3326 3868 4027 3905 3937 4020 4085 3473 3177 3092 2891 2414 1985 1472 1807 2014 1958 2112 2089 2018 1879 1652 1217  774  286  135   96  -99  -99  -99  -99 
  163  -99  -99  -99  -99  -99  -99  -99  -99  -99  -99  -99  -99  -99  -99  -99  -99  -99  -99  -99  -99  -99  -99  -99  -99  -99  -99  -99  -99  -99  -99  -99  -99  -99  -99  -99  -99  -99  -99  -99   42  190  229  300  357  367  343  304  291  240  228  217  212  205  198  186  182  175  179  150  126  112  102   58  -99  -99  -99  -99  -99   81  692 2042 3491 4074 4162 4051 4038 4100 4169 3703 3762 3233 3050 2517 2034 1645 2071 2122 2228 2249 2228 2226 1894 1636 1223  679  277  137   93  -99  -99  -99  -99 
  162  -99  -99  -99  -99  -99  -99  -99  -99  -99  -99  -99  -99  -99  -99  -99  -99  -99  -99  -99  -99  -99  -99  -99  -99  -99  -99  -99  -99  -99  -99  -99  -99  -99  -99  -99  -99  -99  -99   66  143  245  346  437  555  520  433  430  426  371  300  257  238  230  220  210  204  197  183  179  182  134  124   62   16  -99  -99  -99  -99  183  940 1956 3462 4322 4239 4206 4213 4273 4368 4370 3796 3495 3260 2756 2210 1806 2193 2261 2368 2339 2319 2201 1955 1700 1346 1000  398  148  129   56  -99  -99  -99 
  161  -99  -99  -99  -99  -99  -99  -99  -99  -99  -99  -99  -99  -99  -99  -99  -99  -99  -99  -99  -99  -99  -99  -99  -99  -99  -99  -99  -99  -99  -99  -99  -99  -99   41   73   76   68   81  121  235  386  474  550  740  659  541  574  551  499  444  344  266  249  242  225  219  212  208  212  201  175  144  119   61   40  -99  -99  -99   65 1367 2469 3374 4438 4474 4269 4394 4366 4471 4399 4086 3709 3317 2792 2322 1872 2360 2577 2483 2457 2418 2153 1963 1716 1439 1088  534  256  145  123   40  -99  -99 
  160  -99  -99  -99  -99  -99  -99  -99  -99  -99  -99  -99  -99  -99  -99  -99  -99  -99  -99  -99  -99  -99  -99  -99  -99  -99  -99  -99  -99  -99  -99  -99  -99   44  107  135  143  169  202  231  429  501  589  668  874  813  691  730  694  650  581  470  356  269  257  244  236  229  233  228  218  207  183  152   87   49   56   57   26  -99 1422 2725 3843 4466 4594 4363 4467 4522 4537 4546 4225 3754 3355 2905 2477 1948 2393 2609 2596 2538 2304 2132 1976 1810 1537 1223  832  273  257  167  123  -99  -99 
  159  -99  -99  -99  -99  -99  -99  -99  -99  -99  -99  -99  -99  -99  -99  -99  -99  -99  -99  -99  -99  -99  -99  -99  -99  -99  -99  -99  -99  -99  -99  -99  -99   85  148  184  223  243  309  412  541  595  716  842  871  969  873  880  850  799  714  623  444  331  271  258  252  250  245  241  237  228  205  192  144   98   86  129  163 1092 2110 2977 4183 4618 4667 4612 4526 4607 4595 4588 4197 3803 3447 3176 2498 2043 2224 2684 2696 2644 2376 2220 2139 1920 1637 1349 1035  424  266  243  141  -99  -99 
  158  -99  -99  -99  -99  -99  -99  -99  -99  -99  -99  -99  -99  -99  -99  -99  -99  -99  -99  -99  -99  -99  -99  -99  -99  -99  -99  -99  -99  -99  -99  -99  -99  121  173  230  255  324  423  517  603  689  817  946  970 1146 1006  993  951  910  840  718  571  439  349  286  266  257  253  252  248  248  242  216  198  111   96  133  780 1927 3003 3431 4663 4709 4703 4700 4682 4669 4647 4636 4489 4162 3714 3207 2529 2124 2263 2784 2828 2647 2543 2397 2225 2021 1810 1575 1276  742  263  138  128  -99  -99 
  157  -99  -99  -99  -99  -99  -99  -99  -99  -99  -99  -99  -99  -99  -99  -99  -99  -99  -99  -99  -99  -99  -99  -99  -99  -99  -99  -99  -99  -99  -99  -99  -99  180  217  255  292  345  503  633  686  788  906 1027 1094 1253 1140 1111 1051 1019  940  874  785  561  447  355  294  268  262  260  257  262  258  238  230  162  156  421 1227 2480 3870 4421 4685 4739 4743 4730 4716 4695 4670 4656 4482 4123 3729 3166 2669 2153 2119 2864 2934 2712 2692 2521 2319 2105 1902 1688 1356  878  276  144  111  -99  -99 
  156  -99  -99  -99  -99  -99  -99  -99  -99  -99  -99  -99  -99  -99  -99  -99  -99  -99  -99  -99  -99  -99  -99  -99  -99  -99  -99  -99  -99  -99  -99  -99  -99  223  302  318  355  400  521  772  847  902  995 1093 1209 1331 1242 1217 1145 1098 1061  995  921  796  563  460  350  292  270  267  267  272  269  260  258  245  263 1276 2005 3048 4119 4699 4770 4775 4785 4769 4736 4717 4693 4677 4478 4039 3762 3198 2537 2214 2129 2953 3029 2762 2730 2634 2385 2146 1905 1675 1290  875  306  207  125  -99  -99 
  155  -99  -99  -99  -99  -99  -99  -99  -99  -99  -99  -99  -99  -99  -99  -99  -99  -99  -99  -99  -99  -99  -99  -99  -99  -99  -99  -99  -99  -99  -99  -99   11  276  467  406  428  480  607  818  992 1023 1088 1179 1327 1401 1354 1313 1234 1195 1160 1108 1046  967  772  564  450  342  297  279  277  277  281  280  277  284  717 1795 2830 3817 4572 4835 4838 4847 4840 4815 4765 4737 4709 4692 4549 4102 3744 3152 2690 2275 2461 3016 3138 3005 2937 2809 2668 2414 2177 1908 1604 1151  460  240   30  -99  -99 
  154  -99  -99  -99  -99  -99  -99  -99  -99  -99  -99  -99  -99  -99  -99  -99  -99  -99  -99  -99  -99  -99  -99  -99  -99  -99  -99  -99  -99  -99  -99  -99  -99  340  717  597  555  611  793  924 1087 1242 1213 1309 1440 1526 1534 1409 1347 1325 1270 1226 1157 1090  939  671  547  436  341  307  288  286  287  295  304  646 1094 1959 2913 4322 4815 4887 4885 4880 4876 4822 4774 4751 4732 4710 4551 4133 3761 3167 2677 2428 2692 3130 3201 3116 2983 2797 2593 2426 2041 1782 1585 1286  929  223   32  -99  -99 
  153  -99  -99  -99  -99  -99  -99  -99  -99  -99  -99  -99  -99  -99  -99  -99  -99  -99  -99  -99  -99  -99  -99  -99  -99  -99  -99  -99  -99  -99  -99  -99   62  344  817  896  749  809  915 1053 1227 1402 1373 1427 1584 1669 1661 1534 1494 1468 1392 1340 1257 1214 1083  892  672  545  435  349  308  299  298  315  415 1414 1683 2465 3685 4703 4911 4919 4907 4913 4885 4850 4787 4760 4743 4723 4674 4227 3770 3206 2754 2549 2955 3222 3253 3213 2952 2821 2497 2322 1896 1519 1317  855  698  342   29  -99  -99 
  152  -99  -99  -99  -99  -99  -99  -99  -99  -99  -99  -99  -99  -99  -99  -99  -99  -99  -99  -99  -99  -99  -99  -99  -99  -99  -99  -99  -99  -99  -99  -99   79  193  843 1159  936  983 1039 1211 1338 1492 1641 1611 1839 1862 1810 1713 1672 1623 1535 1460 1385 1312 1221 1032  860  669  521  391  352  324  329  356  529 1526 2668 3547 4273 4894 4956 4935 4927 4927 4905 4882 4797 4777 4754 4732 4605 4072 3662 3038 2659 2779 3088 3291 3314 3298 3056 2890 2729 2314 2027 1547 1098  470  283   94  -99  -99  -99 
  151  -99  -99  -99  -99  -99  -99  -99  -99  -99  -99  -99  -99  -99  -99  -99  -99  -99  -99  -99  -99  -99  -99  -99  -99  -99  -99  -99  -99  -99  -99   48  103  232  902 1209 1110 1112 1177 1310 1435 1594 1859 1858 2072 2203 2034 1909 1847 1788 1699 1602 1497 1426 1339 1178 1004  826  643  471  389  356  413  879 1173 1672 2973 3971 4746 4947 4953 4946 4942 4942 4926 4904 4801 4779 4763 4746 4475 4086 3585 2949 2670 2904 3182 3358 3448 3368 3115 3026 2843 2587 2285 1747 1315  478  254  121  -99  -99  -99 
  150  -99  -99  -99  -99  -99  -99  -99  -99  -99  -99  -99  -99  -99  -99  -99  -99  -99  -99  -99  -99  -99  -99  -99  -99  -99  -99  -99  -99  -99  104  140  186  303  862 1196 1326 1241 1300 1417 1576 1761 2075 2146 2338 2425 2260 2128 2101 2024 1892 1752 1636 1549 1452 1350 1173 1042  832  612  448  402  613 1778 1776 2344 2945 3899 4874 4949 4959 4957 4949 4952 4941 4915 4811 4788 4773 4740 4552 4139 3615 2947 2660 3032 3289 3415 3565 3430 3151 3040 2761 2519 2249 1865 1452 1027  246   79   25  -99  -99 
  149  -99  -99  -99  -99  -99  -99  -99  -99  -99  -99  -99  -99  -99  -99  -99  -99  -99  -99  -99  -99  -99  -99  -99  -99  -99  -99  -99  -99   34  162  187  226  408 1019 1251 1561 1402 1444 1548 1741 1954 2265 2358 2581 2699 2549 2399 2298 2212 2089 1917 1805 1689 1562 1476 1429 1255 1000  889  622  914 1257 2117 2265 2600 3577 4339 4922 4961 4964 4958 4962 4962 4944 4931 4875 4802 4784 4724 4582 4099 3535 2988 2658 3147 3454 3523 3652 3415 3205 2935 2647 2463 1966 1546 1201  796  228   50  -99  -99  -99 
  148  -99  -99  -99  -99  -99  -99  -99  -99  -99  -99  -99  -99  -99  -99  -99  -99  -99  -99  -99  -99  -99  -99  -99  -99  -99  -99  -99  -99   54  189  222  279  346 1122 1299 1509 1563 1606 1700 1899 2097 2386 2646 2884 3048 2792 2648 2526 2433 2281 2147 1957 1810 1702 1622 1565 1449 1230 1066  874 1789 2031 2199 3266 2956 3924 4872 4945 4967 4968 4962 4966 4970 4965 4943 4925 4842 4836 4753 4506 3972 3539 2900 2648 3396 3506 3658 3686 3441 2942 2900 2520 2137 1652 1250  314  135  109  -99  -99  -99  -99 
  147  -99  -99  -99  -99  -99  -99  -99  -99  -99  -99  -99  -99  -99  -99  -99  -99  -99  -99  -99  -99  -99  -99  -99  -99  -99  -99  -99  -99   52  209  306  355  358  766 1279 1430 1722 1894 1888 2079 2279 2508 2889 3157 3324 3037 2916 2801 2633 2530 2353 2145 1964 1862 1755 1678 1608 1498 1239 1165 2126 2698 2438 3759 3844 4444 4897 4967 4967 4973 4964 4967 4973 4969 4954 4930 4906 4862 4799 4453 3974 3521 2988 2669 3479 3582 3733 3722 3156 2900 2643 2500 2185 1679 1116  306  148   78   48   25  -99  -99 
  146  -99  -99  -99  -99  -99  -99  -99  -99  -99  -99  -99  -99  -99  -99  -99  -99  -99  -99  -99  -99  -99  -99  -99  -99  -99  -99  -99  -99   31  238  392  568  512  603 1321 1534 1697 2004 2204 2269 2456 2735 3226 3447 3441 3198 3037 2950 2862 2774 2573 2399 2199 2032 1945 1848 1771 1695 1540 1429 2118 3159 3333 3889 4298 4865 4907 4952 4965 4973 4969 4966 4974 4972 4963 4943 4914 4882 4670 4324 3843 3343 2921 3335 3615 3650 3781 3591 3186 2927 2661 2005 1945 1789 1392  977  428  128  117   84   34  -99 
  145  -99  -99  -99  -99  -99  -99  -99  -99  -99  -99  -99  -99  -99  -99  -99  -99  -99  -99  -99  -99  -99  -99  -99  -99  -99  -99  -99  -99   39  235  488  771  683  765 1439 1674 1803 2057 2366 2600 2715 2942 3452 3776 3587 3367 3226 3071 3016 2916 2904 2708 2502 2302 2158 2110 1952 1820 1865 1819 2462 3490 3853 4434 4805 4922 4928 4975 4971 4976 4969 4967 4972 4972 4965 4946 4926 4907 4821 4329 3894 3400 2890 2902 3689 3747 3857 3574 3336 3031 2745 2023 1559 1046  811  459  274  218  145  128   74  -99 
  144  -99  -99  -99  -99  -99  -99  -99  -99  -99  -99  -99  -99  -99  -99  -99  -99  -99  -99  -99  -99  -99  -99  -99  -99  -99  -99  -99  -99   19  230  500  952 1092 1004 1479 1891 2023 2220 2404 2899 3021 3211 3683 4016 3816 3622 3483 3314 3111 3039 3054 2971 2766 2576 2422 2385 2142 2085 2205 2917 3328 3443 4146 4806 4887 4920 4961 4986 4973 4976 4971 4966 4972 4973 4967 4950 4927 4919 4787 4347 4046 4150 3726 3084 3775 3865 3872 3517 3335 3087 2856 2339 1595 1092  606  425  287  265  227  172   94  -99 
  143  -99  -99  -99  -99  -99  -99  -99  -99  -99  -99  -99  -99  -99  -99  -99  -99  -99  -99  -99  -99  -99  -99  -99  -99  -99  -99  -99  -99   37  163  438 1086 1390 1422 1778 1987 2097 2217 2447 2811 3300 3508 3892 4087 3994 3858 3657 3508 3273 3202 3195 3140 2983 2934 2709 2546 2387 2430 3211 3467 4014 3926 4547 4904 4917 4950 4994 4990 4977 4974 4971 4964 4969 4971 4961 4944 4919 4913 4832 4745 4670 4242 3626 2979 3837 3936 3846 3550 3313 3129 2827 2467 1672 1399 1048  650  463  282  274  239   95  -99 
  142  -99  -99  -99  -99  -99  -99  -99  -99  -99  -99  -99  -99  -99  -99  -99  -99  -99  -99  -99  -99  -99  -99  -99  -99  -99  -99  -99  -99   24  308  921 1370 1639 1773 1841 2002 2095 2218 2441 2780 3331 3818 4142 4182 4101 3894 3837 3675 3443 3340 3340 3202 3124 3141 3078 2797 2641 2886 3499 4477 4473 4572 4846 4898 4976 5004 5002 4994 4981 4971 4971 4962 4964 4968 4954 4937 4916 4890 4847 4797 4730 4417 3557 2981 3348 3969 3834 3534 3253 3060 2727 2483 2007 1756 1427 1103 1095  387  292  248   95  -99 
  141  -99  -99  -99  -99  -99  -99  -99  -99  -99  -99  -99  -99  -99  -99  -99  -99  -99  -99  -99  -99  -99  -99  -99  -99  -99  -99  -99  -99  -99  210  940 1335 1693 1937 2095 2128 2153 2260 2464 2769 3287 3741 4149 4305 4116 4049 3885 3781 3604 3512 3425 3328 3363 3349 3161 3043 2917 3092 3643 4426 4810 4873 4923 4995 5004 5011 5005 4995 4983 4974 4973 4963 4959 4961 4948 4935 4910 4895 4863 4820 4746 4273 3670 3068 3724 4028 3876 3673 3299 3059 2783 2587 2443 2134 1590 1489 1515 1010  768  263   25  -99 
  140  -99  -99  -99  -99  -99  -99  -99  -99  -99  -99  -99  -99  -99  -99  -99  -99  -99  -99  -99  -99  -99  -99  -99  -99  -99  -99  -99  -99  -99  -99  599 1210 1680 1967 2182 2330 2292 2335 2467 2776 3168 3525 4005 4393 4371 4124 3981 3916 3867 3712 3551 3525 3626 3463 3259 3208 3281 3433 4183 4516 4899 4944 4975 5002 5004 5011 5005 4997 4985 4976 4968 4956 4954 4955 4944 4933 4908 4896 4875 4845 4707 4189 3908 3307 3994 4039 3911 3734 3602 3508 3376 3221 3107 2612 2465 2099 1890 1432  929  285  117  -99 
  139  -99  -99  -99  -99  -99  -99  -99  -99  -99  -99  -99  -99  -99  -99  -99  -99  -99  -99  -99  -99  -99  -99  -99  -99  -99  -99  -99  -99  -99  -99  687 1161 1591 1970 2199 2395 2478 2432 2529 2677 3006 3436 4007 4495 4474 4252 4121 4119 3997 3854 3711 3733 3692 3500 3383 3442 3740 3823 4114 4865 4958 4985 5007 4999 5011 5012 5008 5000 4982 4962 4966 4955 4952 4951 4939 4926 4904 4894 4877 4833 4755 4252 3838 3451 4042 4084 3956 3892 3738 3622 3516 3414 3206 2987 2668 2461 1976 1541 1111  341  125  -99 
  138  -99  -99  -99  -99  -99  -99  -99  -99  -99  -99  -99  -99  -99  -99  -99  -99  -99  -99  -99  -99  -99  -99  -99  -99  -99   19   27   26   41   74  779 1440 1761 2055 2256 2408 2651 2574 2601 2728 2934 3325 3846 4478 4578 4480 4444 4200 4070 4092 4005 4008 3739 3655 3651 3945 4471 4746 4786 4889 4980 4996 5012 5002 5010 5018 5011 5005 4869 4881 4929 4938 4944 4945 4929 4922 4894 4887 4876 4846 4752 4567 3968 3653 4126 4106 3994 3957 3796 3685 3533 3454 3275 3055 2744 2474 1983 1637 1177  776  162   52 
  137  -99  -99  -99  -99  -99  -99  -99  -99  -99  -99  -99  -99  -99  -99  -99  -99  -99  -99  -99  -99  -99   20   24   35   60   47   47   58   83  120  894 1720 2020 2224 2383 2489 2620 2749 2706 2772 2929 3277 3671 4288 4614 4619 4535 4244 4227 4330 4445 4045 3940 3877 4085 4650 4788 4818 4864 4929 4986 5003 5011 5006 5013 5020 5015 5010 4988 4958 4959 4942 4940 4936 4925 4917 4887 4883 4866 4836 4784 4663 3970 3930 4150 4138 4044 3988 3974 3857 3699 3515 3262 2989 2644 2376 1940 1755 1342  756  116   23 
  136  -99  -99  -99  -99  -99  -99  -99  -99  -99  -99  -99  -99  -99  -99  -99  -99   24   30  -99  -99  -99   31   36   38   45   49   53   84   99  121  706 1833 2210 2431 2508 2566 2697 2912 2819 2967 3091 3303 3582 4051 4624 4666 4572 4361 4536 4609 4415 4177 4202 4256 4342 4770 4812 4864 4920 4968 4999 5006 5012 5003 5016 5022 5017 5014 4995 4962 4966 4951 4922 4934 4922 4914 4886 4875 4855 4830 4780 4662 4220 4141 4198 4164 4084 4079 3966 3863 3702 3540 3366 3104 2871 2572 2089 1531  925  281   58  -99 
  135  -99  -99  -99  -99  -99  -99  -99  -99  -99  -99  -99  -99  -99  -99   30   38   49   54   34  -99  -99   32   36   36   51   48   55   78   95  114  956 1948 2291 2540 2690 2707 2736 3053 3048 3274 3364 3497 3695 4035 4629 4695 4690 4636 4672 4635 4354 4383 4592 4662 4744 4820 4835 4950 4966 4984 5002 5010 5011 5007 5009 5024 5018 5013 4997 4973 4963 4953 4940 4935 4921 4917 4894 4871 4851 4826 4772 4475 4046 4212 4225 4212 4155 4141 4052 3930 3722 3461 3195 3051 2733 2174 1772 1147  260  -99  -99  -99 
  134  -99  -99  -99  -99  -99  -99  -99  -99  -99  -99  -99  -99  -99   16   31   36   62   63   52   40   30   37   38   50   56   61   79   96  102  123  242 1581 2308 2485 2661 2888 2886 2972 3388 3565 3835 3787 3862 4167 4667 4728 4719 4723 4705 4577 4498 4687 4738 4755 4793 4835 4857 4975 4985 4995 5009 5012 5013 5003 5010 5019 5010 5013 4996 4977 4965 4952 4939 4937 4919 4911 4887 4875 4847 4803 4757 4498 4074 4283 4289 4237 4235 4211 4123 3889 3648 3328 3062 2852 2616 2170 1516  831  140  -99  -99  -99 
  133  -99  -99  -99  -99  -99  -99  -99  -99  -99  -99  -99  -99  -99   33   54   62   71   71   55   67   63   43   45   55   51   75  105  113  112  121  181  931 2355 2481 2647 2773 2986 3220 3908 3820 4132 4075 4116 4414 4722 4744 4739 4748 4736 4603 4693 4760 4779 4793 4828 4864 4900 4974 4996 5002 5011 5014 5016 5009 5009 5015 5016 5006 4992 4972 4960 4947 4921 4929 4922 4907 4884 4871 4839 4780 4699 4378 4199 4323 4287 4285 4275 4276 4204 3816 3504 2853 2575 2705 2426 2101 1494  743  126  -99  -99  -99 
  132  -99  -99  -99  -99  -99  -99  -99  -99  -99  -99  -99  -99   27   45   71   90   94   93   80   90   75   72   78  105  114   88   98  121  117  124  250 1689 2309 2419 2583 2742 2932 3361 3729 4245 4386 4355 4330 4655 4753 4755 4756 4767 4761 4688 4771 4789 4823 4834 4864 4897 4917 4978 4997 5000 5012 5015 5019 5008 5006 5006 4999 4999 4986 4966 4959 4942 4932 4932 4919 4897 4860 4856 4843 4698 4520 4220 4355 4362 4359 4349 4337 4318 4274 4113 3669 3037 2242 1973 1990 1823 1498  965  119  -99  -99  -99 
  131  -99  -99  -99  -99  -99  -99  -99  -99  -99  -99  -99   35   57   79   94  102  109   92   99  100  102  101   97  116  122  116  127  116  125  125  190 1640 2193 2344 2586 2759 2928 3280 3879 4125 4577 4621 4683 4730 4764 4770 4768 4779 4785 4782 4806 4808 4834 4848 4872 4899 4914 4966 5001 4997 5010 5017 5018 5011 5006 5009 5002 4990 4976 4959 4953 4938 4928 4920 4905 4886 4850 4834 4812 4461 4203 4278 4403 4403 4383 4359 4387 4363 4309 4141 3898 3422 2723 2038 1624 1351 1050  737   24  -99  -99  -99 
  130  -99  -99  -99  -99  -99  -99  -99  -99  -99  -99   31   51   72   90  104  116  120  112  111  117  122  122  115  128  125  129  129  123  130  125  156  821 2379 2483 2651 2762 2986 3395 3831 4557 4655 4691 4721 4768 4772 4773 4778 4783 4801 4807 4811 4816 4839 4836 4871 4886 4907 4999 5006 4997 5005 5016 5018 5015 5005 5008 4996 4982 4965 4941 4942 4924 4906 4900 4886 4868 4836 4801 4777 4593 4257 4430 4451 4420 4414 4405 4409 4407 4330 4087 3731 3348 2850 2191 1752 1096  470  115   20  -99  -99  -99 
  129  -99  -99  -99  -99  -99  -99  -99  -99  -99   18   31   47   64   92  109  121  120  126  120  121  125  129  139  134  138  141  134  126  142  140  165  638 2434 2605 2741 2863 3080 3572 4012 4600 4694 4724 4754 4773 4776 4780 4783 4788 4804 4809 4810 4815 4843 4846 4859 4907 4892 5003 5006 4998 4899 5011 5015 5013 5003 5005 4992 4973 4948 4923 4918 4917 4887 4870 4859 4832 4793 4757 4694 4648 4510 4471 4482 4461 4452 4434 4430 4431 4377 4130 3756 3194 2683 2118 1703 1250  765  155  116  -99  -99  -99 
  128  -99  -99  -99  -99  -99  -99  -99  -99    8   18   29   41   62   91  115  123  124  123  134  139  138  142  139  135  135  144  142  136  133  141  186  899 2410 2583 2788 3024 3302 3674 4133 4644 4730 4761 4765 4775 4784 4792 4801 4798 4814 4815 4815 4816 4873 4850 4868 4870 4943 5008 5004 4997 5000 4995 5015 5015 4998 4830 4985 4966 4935 4912 4892 4888 4869 4854 4835 4808 4752 4684 4611 4556 4509 4526 4498 4481 4472 4463 4462 4449 4381 4171 3830 3284 2619 2105 1678 1332  841  249  121  -99  -99  -99 
  127  -99  -99  -99  -99  -99  -99  -99  -99  -99   22   32   48   75   99  119  122  119  124  125  143  144  145  139  136  135  140  142  137  133  126  497 1558 2366 2427 2839 3158 3431 3882 4375 4648 4756 4781 4788 4787 4793 4802 4810 4810 4823 4821 4824 4819 4880 4764 4893 4910 4813 5010 5008 4995 5000 5010 5010 5000 4988 4863 4869 4960 4937 4901 4881 4867 4840 4832 4822 4782 4730 4680 4602 4580 4561 4546 4539 4517 4489 4482 4474 4459 4354 4089 3756 2927 2143 1531 1290 1292  851  358  108  -99  -99  -99 
  126  -99  -99  -99  -99  -99  -99  -99  -99  -99   18   50   69   92  107  122  134  140  148  143  144  143  146  144  152  138  152  144  142  138  123  436 1415 2160 2369 2838 3219 3683 4093 4371 4693 4765 4799 4806 4801 4810 4815 4822 4815 4828 4827 4830 4835 4897 4892 4930 4965 4989 5014 5009 4996 4996 5004 5008 5010 4995 4984 4979 4959 4928 4897 4871 4853 4837 4821 4797 4760 4717 4676 4633 4638 4597 4574 4555 4556 4510 4501 4487 4441 4252 4046 3774 3098 2507 2116 1684 1169  661  277  -99  -99  -99  -99 
  125  -99  -99  -99  -99  -99  -99  -99  -99  -99   14   57   89  112  120  128  149  145  146  149  146  149  152  154  152  148  136  144  147  135  137  460 1632 2027 2377 2792 3288 3712 4201 4706 4793 4801 4821 4821 4820 4822 4829 4831 4823 4828 4834 4841 4863 4918 4920 4940 4977 4998 5013 5007 4992 4993 5003 5002 5006 4992 4985 4982 4857 4907 4852 4846 4839 4808 4803 4787 4759 4722 4675 4675 4667 4623 4585 4579 4558 4548 4523 4478 4390 4188 3882 3587 3276 2770 2187 1748 1461 1004  229  -99  -99  -99  -99 
  124  -99  -99  -99  -99  -99  -99  -99  -99  -99   17   66  105  124  135  130  144  148  154  149  148  153  154  152  146  149  143  133  126  132  167  511 1640 1884 2262 2569 3061 3572 4123 4652 4765 4804 4832 4835 4831 4834 4838 4837 4828 4830 4841 4875 4928 4932 4954 4963 4984 5002 5013 5008 4997 4992 5001 5004 5004 4989 4983 4810 4871 4882 4852 4840 4830 4798 4788 4768 4733 4694 4671 4688 4669 4648 4618 4611 4594 4580 4545 4502 4397 4143 3946 3647 3372 2985 2382 2018 1607 1100  143   91  -99  -99  -99 
  123  -99  -99  -99  -99  -99  -99  -99  -99  -99   23   73  124  142  148  135  137  141  129  142  152  150  140  149  140  133  132  135  132  156  173  536 1530 1716 2030 2472 2920 3565 4295 4708 4767 4796 4838 4835 4825 4834 4844 4841 4830 4831 4846 4968 4959 4961 4972 4976 4995 5007 5015 5011 4999 4994 5000 5003 5009 4984 4976 4957 4921 4878 4851 4830 4822 4794 4773 4763 4734 4704 4719 4698 4675 4660 4637 4631 4605 4592 4565 4514 4421 4180 3899 3628 3290 2944 2589 2190 1737 1183  608   85  -99  -99  -99 
  122  -99  -99  -99  -99  -99  -99  -99  -99  -99   43   88  176  211  210  208  171  159  142  143  135  141  155  147  152  130  151  172  168  181  270  809 1410 1626 1926 2279 2668 3407 4406 4653 4711 4781 4835 4836 4824 4834 4845 4846 4832 4831 4865 5000 4992 4981 4978 4981 4993 5007 5012 5012 4994 4992 4999 5004 5006 4972 4961 4953 4921 4889 4849 4822 4820 4789 4770 4757 4730 4733 4734 4718 4703 4682 4658 4653 4632 4612 4575 4528 4396 4193 3930 3670 3407 3015 2580 2101 1410  891  517   86  -99  -99  -99 
  121  -99  -99  -99  -99  -99  -99  -99  -99   20   40   86  178  352  389  318  261  210  187  158  147  148  150  165  163  153  178  215  222  260  463 1062 1353 1542 1840 2370 2857 3435 4381 4625 4699 4755 4816 4830 4832 4833 4849 4851 4847 4850 4944 5006 4998 4987 4982 4980 4992 5006 5010 5009 4998 4990 5001 5003 5006 4772 4906 4929 4918 4889 4850 4825 4813 4781 4766 4749 4749 4745 4739 4741 4725 4711 4685 4681 4648 4622 4607 4518 4388 4223 4031 3775 3388 2823 2374 1799 1228  261  110   96   31  -99  -99 
  120  -99  -99  -99  -99  -99  -99  -99  -99   18   35   88  121  336  526  534  452  399  291  218  171  160  168  163  173  183  239  254  261  319  629 1168 1325 1517 1820 2454 2732 3075 3665 4453 4540 4662 4795 4818 4812 4799 4853 4855 4856 4888 5003 5002 4997 4986 4984 4980 4991 5005 5011 5011 5001 4991 4993 5008 5006 4801 4906 4947 4922 4889 4858 4823 4810 4773 4761 4744 4755 4754 4743 4751 4746 4728 4701 4693 4658 4650 4646 4592 4541 4399 4177 3892 3467 2898 2285 1431  636  210  100   35  -99  -99  -99 
  119  -99  -99  -99  -99  -99  -99  -99  -99   15   36   81   91  398  528  690  666  577  449  312  230  199  188  174  185  238  285  306  339  410  699 1190 1337 1545 1866 2300 2656 2986 3046 4156 4611 4692 4784 4837 4840 4825 4803 4859 4867 4910 4987 4974 4997 4985 4981 4981 4992 5004 5009 5015 5003 4989 4988 4658 4995 4994 4971 4953 4862 4882 4830 4809 4823 4789 4758 4746 4770 4758 4751 4756 4751 4734 4714 4695 4683 4678 4666 4655 4506 4298 3928 3704 3265 2869 2224 1085  168  121   45  -99  -99  -99  -99 
  118  -99  -99  -99  -99  -99  -99  -99  -99   17   54   74  196  251  369  657  856  803  686  468  316  245  245  223  241  318  318  338  394  577  866 1218 1341 1616 1888 2073 2558 3170 3695 4274 4554 4663 4723 4791 4836 4825 4819 4867 4876 4929 4983 4931 4977 4987 4979 4980 4989 5003 5007 5014 5004 4991 4877 4542 4807 4986 4952 4778 4662 4848 4800 4664 4726 4720 4742 4737 4757 4762 4759 4759 4755 4738 4729 4706 4702 4693 4683 4672 4640 4084 3650 3118 2868 2321 1642 1067  207   82  -99  -99  -99  -99  -99 
  117  -99  -99  -99  -99  -99  -99  -99  -99   35   73  174  251  250  361  533  844  994  947  708  465  339  294  272  298  334  348  391  509  673  960 1255 1434 1736 1971 2005 2518 3092 3769 4272 4510 4600 4711 4672 4825 4825 4820 4872 4884 4961 4980 4972 4991 4987 4976 4982 4987 4999 4930 5006 5001 4988 4671 4531 4980 4975 4918 4711 4829 4860 4819 4804 4667 4334 4700 4734 4748 4765 4761 4762 4756 4739 4722 4712 4708 4705 4694 4681 4677 4315 3674 3191 2307 1658  866  241   59  -99  -99  -99  -99  -99  -99 
  116  -99  -99  -99  -99  -99  -99  -99   46   63  212  428  577  396  398  517  735 1014 1134  975  719  465  389  311  348  345  368  450  613  812 1122 1297 1528 1969 2026 2051 2200 2885 3366 4045 4581 4716 4776 4775 4829 4798 4831 4883 4892 4956 4982 4982 4988 4982 4933 4980 4985 4997 5002 5005 5003 4987 4907 4994 4988 4935 4840 4708 4816 4722 4801 4808 4693 4572 4731 4750 4761 4761 4767 4765 4757 4741 4725 4721 4722 4707 4699 4682 4508 4043 3514 3009 2477 1328  165   73  -99  -99  -99  -99  -99  -99  -99 
  115  -99  -99  -99  -99  -99  -99   57  193  221  160  349  732  765  574  583  844 1551 1899 1388  906  682  576  420  398  413  441  545  691  980 1213 1372 1589 2036 2122 2110 2180 2543 3151 3672 4223 4713 4770 4786 4818 4851 4869 4880 4892 4917 4986 4986 4988 4984 4966 4981 4979 4994 5000 5004 4999 4984 4989 4993 4981 4948 4904 4789 4454 4315 4654 4758 4468 4699 4748 4768 4766 4770 4777 4773 4762 4745 4731 4728 4729 4716 4697 4664 4533 4024 3532 3040 2303 1063  188  -99  -99  -99  -99  -99  -99  -99  -99 
  114  -99  -99  -99  -99  -99  311  566  437  410  330  726 1095 1157  976 1340 1905 2060 2032 2040 1542 1079  820  677  585  518  612  665  788 1065 1300 1473 1765 2167 2148 2164 2213 2478 2969 3557 4034 4546 4764 4812 4840 4852 4871 4890 4897 4903 4950 4989 4989 4928 4795 4971 4969 4982 4976 5001 4997 4984 4984 4989 4986 4915 4922 4879 4825 4647 4629 4612 4693 4747 4773 4778 4781 4780 4796 4781 4766 4749 4733 4735 4729 4714 4686 4635 4559 4130 3939 3285 2440 1429  183  -99  -99  -99  -99  -99  -99  -99  -99 
  113  -99  -99  -99  -99   33  610  796 1181  693  692 1190 1324 1513 2147 2040 2128 2203 2210 2158 2065 1794 1237  981  816  696  748  811  957 1206 1558 1668 1997 2222 2209 2222 2253 2466 2874 3559 4067 4315 4710 4809 4853 4860 4873 4888 4876 4902 4916 4984 4985 4972 4941 4965 4963 4957 4982 4934 4995 4977 4977 4986 4983 4971 4934 4894 4859 4826 4792 4640 4617 4767 4791 4790 4799 4816 4799 4786 4778 4751 4738 4740 4732 4711 4677 4637 4534 4310 3955 3344 2571 1538  472  -99  -99  -99  -99  -99  -99  -99  -99 
  112  -99  -99  -99  -99   17  548  977 1335 1573 1593 1905 2078 2214 2331 2326 2316 2301 2281 2239 2129 1965 1704 1337 1214  935  955 1049 1375 1656 1776 2017 2283 2285 2301 2320 2360 2563 2964 3460 4172 4630 4733 4806 4850 4855 4869 4888 4895 4899 4902 4916 4984 4960 4953 4957 4951 4965 4982 4982 4982 4973 4972 4981 4980 4979 4950 4870 4860 4819 4682 4545 4589 4774 4820 4802 4820 4829 4798 4793 4783 4758 4744 4743 4735 4718 4682 4641 4316 4122 3732 3131 2696 1856 1009  149  -99  -99  -99  -99  -99  -99  -99 
  111  -99  -99  -99  -99  -99  253  836 1248 1579 1763 2117 2267 2361 2404 2408 2377 2344 2304 2286 1944 1630 1788 1952 1552 1340 1246 1302 1906 1817 1950 2276 2367 2374 2391 2412 2545 2779 3151 3496 3996 4609 4746 4818 4851 4853 4865 4888 4893 4898 4892 4901 4982 4942 4956 4953 4791 4946 4980 4982 4982 4967 4966 4974 4772 4949 4771 4887 4875 4687 4511 4458 4674 4813 4824 4829 4834 4827 4810 4800 4785 4758 4750 4747 4739 4724 4683 4550 4210 3801 3017 2682 2031 1416 1313  646  -99  -99  -99  -99  -99  -99  -99 
  110  -99  -99  -99  -99  -99  169  768 1270 1633 1957 2159 2326 2391 2470 2510 2497 2456 2416 2366 2196 1594 1748 1955 2210 2236 1701 1797 2260 2164 2152 2305 2564 2517 2506 2555 2741 3044 3461 3750 4160 4612 4761 4807 4845 4841 4844 4871 4880 4894 4767 4864 4968 4863 4956 4944 4880 4963 4979 4980 4977 4964 4955 4932 4788 4849 4894 4893 4892 4836 4750 4709 4766 4830 4823 4833 4838 4831 4820 4810 4783 4763 4748 4750 4738 4719 4600 4285 3570 2827 2278 1750 1132  250  254  104  -99  -99  -99  -99  -99  -99  -99 
  109  -99  -99  -99  -99  -99  171  682 1358 1827 2172 2348 2398 2488 2529 2533 2546 2585 2616 2697 2566 1849 1699 2064 2300 2502 2565 2343 2744 2654 2552 2561 2767 2672 2646 2712 2970 3271 3679 4041 4455 4608 4709 4739 4853 4841 4847 4861 4868 4868 4852 4811 4848 4962 4956 4939 4931 4961 4978 4975 4974 4968 4945 4921 4814 4516 4897 4894 4893 4876 4852 4797 4773 4834 4829 4838 4840 4836 4833 4826 4812 4774 4744 4740 4712 4671 4141 3938 3324 2520 1580 1003  136    2    8  -99  -99  -99  -99  -99  -99  -99  -99 
  108  -99  -99  -99  -99  -99  423  837 1447 1908 2216 2443 2514 2539 2557 2586 2638 2686 2644 2728 2752 2379 1849 1824 1880 2302 2811 3082 3559 3127 2973 2846 2996 2962 2844 2920 3169 3450 3891 4205 4534 4629 4653 4697 4743 4778 4844 4857 4865 4867 4861 4867 4903 4963 4918 4903 4909 4952 4975 4972 4975 4968 4936 4934 4726 4617 4889 4891 4893 4882 4862 4795 4796 4846 4834 4819 4762 4843 4837 4830 4819 4780 4746 4727 4690 4550 4130 3339 2633 2231 1230  249  -99  -99  -99  -99  -99  -99  -99  -99  -99  -99  -99 
  107  -99  -99  -99  -99  118  404  722 1025 2340 2400 2539 2626 2599 2602 2650 2738 2734 2742 2756 2772 2778 2161 2146 1948 2162 2638 3244 3670 3643 3449 3302 3380 3363 3099 3108 3375 3706 4170 4377 4577 4629 4686 4695 4688 4808 4836 4851 4826 4823 4855 4882 4908 4959 4929 4911 4918 4931 4927 4534 4913 4948 4943 4873 4806 4614 4892 4891 4895 4848 4868 4817 4809 4849 4836 4824 4786 4849 4837 4829 4821 4757 4732 4709 4648 4440 3843 3226 2296 1654  580   87  -99  -99  -99  -99  -99  -99  -99  -99  -99  -99  -99 
  106  -99  -99  249  271  685  865  745 1048 2348 2543 2587 2678 2679 2684 2731 2934 2941 2929 2943 2982 2862 2724 2398 2244 2182 2470 3268 3722 3906 3985 3866 3846 3626 3443 3387 3572 4033 4325 4554 4607 4634 4667 4698 4744 4827 4830 4841 4818 4827 4831 4875 4834 4949 4934 4916 4913 4919 4865 4572 4953 4937 4869 4890 4895 4859 4869 4891 4889 4843 4860 4813 4811 4841 4842 4851 4857 4848 4837 4822 4780 4614 4640 4716 4709 3950 3545 3145 2324 1221  322   73  -99  -99  -99  -99  -99  -99  -99  -99  -99  -99  -99 
  105  -99  141  564  817  989 1154 1166 1601 2026 2579 2631 2681 2846 2814 2817 2920 2937 2924 2919 3054 3113 3124 2969 2698 2352 2628 3234 3755 3959 4058 4124 4134 4096 3910 3754 3882 4246 4424 4595 4614 4647 4682 4692 4783 4826 4827 4822 4823 4827 4831 4827 4846 4947 4933 4914 4910 4914 4866 4459 4937 4914 4889 4893 4899 4899 4890 4885 4889 4851 4839 4797 4694 4658 4747 4843 4858 4850 4816 4729 4756 4555 4624 4715 4574 4013 3495 2677 1932 1454  421  127  -99  -99  -99  -99  -99  -99  -99  -99  -99  -99  -99 
  104  -99  327  746 1051 1242 1465 1885 2067 2355 2620 2716 2753 2846 2940 2955 2950 2964 2963 2815 3123 3131 3096 3176 3162 2904 2965 3215 3836 3874 4125 4157 4190 4200 4192 4175 4216 4297 4478 4614 4624 4644 4685 4699 4814 4822 4801 4807 4822 4823 4829 4836 4894 4912 4929 4914 4907 4910 4869 4764 4930 4914 4894 4893 4901 4907 4895 4875 4869 4859 4845 4816 4794 4848 4768 4700 4858 4858 4715 4733 4754 4660 4627 4690 4636 4128 3670 2576 1445  680  284  115  -99  -99  -99  -99  -99  -99  -99  -99  -99  -99  -99 
  103  -99  250  827 1107 1464 1743 1969 2193 2498 2639 2725 2753 2811 2899 3029 3088 3029 3030 3053 3131 3142 3126 3288 3417 3414 3256 3516 4010 4076 4141 4196 4233 4256 4271 4271 4315 4359 4601 4624 4631 4641 4681 4711 4752 4803 4804 4787 4824 4826 4826 4840 4852 4686 4873 4910 4905 4904 4918 4930 4928 4910 4893 4889 4901 4753 4614 4839 4861 4846 4800 4747 4783 4859 4851 4858 4866 4851 4659 4755 4758 4731 4708 4683 4605 4346 3774 2721 1689 1012  234   44  -99  -99  -99  -99  -99  -99  -99  -99  -99  -99  -99 
  102  -99   50  704 1034 1419 1706 1921 2067 2389 2700 2729 2772 2806 2873 2948 3026 3160 3113 3127 3174 3214 3348 3252 3569 3728 3790 3923 4010 4104 4134 4215 4261 4285 4306 4321 4368 4422 4614 4622 4639 4655 4675 4709 4720 4745 4795 4785 4810 4825 4820 4817 4758 4934 4925 4913 4908 4905 4917 4924 4922 4916 4882 4830 4862 4710 4535 4745 4852 4851 4797 4558 4537 4834 4847 4859 4868 4868 4820 4805 4781 4724 4724 4713 4642 4155 3569 2590 1430  781  182  -99  -99  -99  -99  -99  -99  -99  -99  -99  -99  -99  -99 
  101  -99  -99   69  193  799 1370 1763 1959 2299 2733 2766 2781 2807 2905 2930 2944 3059 3246 3172 3285 3474 3570 3418 3681 3755 3917 3956 4006 4122 4152 4222 4263 4298 4330 4396 4416 4493 4612 4621 4644 4669 4685 4715 4711 4765 4774 4792 4813 4817 4816 4812 4828 4917 4926 4914 4909 4906 4915 4923 4921 4903 4851 4796 4816 4738 4592 4859 4846 4842 4798 4700 4656 4714 4807 4855 4864 4866 4862 4833 4808 4768 4731 4639 3958 3570 2930 1971 1282  680  135  -99  -99  -99  -99  -99  -99  -99  -99  -99  -99  -99  -99 
  100  -99  -99  -99  236  272  960 1598 1921 2092 2751 2778 2782 2786 2882 2903 2955 3072 3192 3316 3387 3361 3540 3760 3800 3836 3782 3999 4093 4163 4213 4256 4328 4372 4406 4496 4523 4576 4612 4639 4646 4677 4673 4719 4703 4747 4779 4782 4808 4816 4819 4816 4839 4940 4936 4917 4901 4886 4914 4923 4921 4908 4855 4807 4731 4835 4851 4841 4806 4819 4800 4772 4722 4712 4778 4844 4859 4862 4862 4833 4802 4767 4738 4232 3230 2909 2403 1749 1049  227  -99  -99  -99  -99  -99  -99  -99  -99  -99  -99  -99  -99  -99 
   99  -99  -99  -99   79  331  674 1494 2027 2469 2721 2773 2798 2846 2902 2950 3018 3096 3121 3028 3317 3461 3446 3654 3817 3906 4001 4090 4156 4208 4267 4312 4385 4388 4417 4476 4511 4574 4585 4637 4628 4677 4677 4717 4700 4728 4771 4772 4798 4822 4823 4816 4824 4867 4934 4919 4901 4754 4910 4922 4922 4913 4833 4814 4835 4832 4851 4850 4787 4799 4567 4759 4781 4760 4755 4794 4811 4763 4604 4788 4769 4700 4687 3881 2710 2138 1731 1262  621  166  -99  -99  -99  -99  -99  -99  -99  -99  -99  -99  -99  -99  -99 
   98  -99  -99  -99   58  354  556 1428 2098 2294 2670 2755 2767 2774 2960 2987 3027 3062 3040 3009 3268 3455 3604 3707 3793 3757 3841 3920 4021 4081 4195 4137 4319 4319 4381 4428 4494 4541 4551 4633 4642 4672 4679 4713 4699 4735 4736 4761 4773 4825 4813 4827 4796 4754 4414 4858 4876 4735 4889 4914 4918 4838 4828 4684 4866 4776 4855 4851 4817 4779 4185 4105 4639 4804 4804 4800 4741 4539 4526 4544 4735 4598 4571 3927 2935 1989 1114  562  202   42  -99  -99  -99  -99  -99  -99  -99  -99  -99  -99  -99  -99  -99 
   97  -99  -99  -99   81  375  572 1506 2229 2557 2653 2749 2850 2909 2953 2988 3086 3095 2983 3095 3380 3523 3542 3594 3815 3876 3889 3877 3893 4053 4027 4275 4320 4293 4258 4262 4399 4482 4516 4606 4649 4667 4680 4698 4703 4724 4735 4743 4779 4834 4837 4828 4832 4751 4572 4790 4803 4779 4869 4914 4915 4885 4878 4864 4872 4868 4859 4850 4729 4775 4453 4343 4098 4744 4810 4801 4799 4594 4525 4489 4498 4569 4523 4076 3089 1874 1110  549  217  -99  -99  -99  -99  -99  -99  -99  -99  -99  -99  -99  -99  -99  -99 
   96  -99  -99  -99   92  357  998 1754 2330 2545 2667 2771 2832 2871 2950 3099 3047 3058 3089 3363 3432 3339 3480 3500 3695 3897 3957 3899 4001 4065 4071 4105 4266 4294 4221 4224 4381 4435 4430 4487 4650 4662 4671 4690 4702 4708 4718 4738 4755 4841 4837 4835 4833 4841 4829 4829 4806 4860 4893 4911 4912 4902 4884 4871 4845 4857 4854 4839 4765 4766 4712 4487 4309 3989 4774 4797 4679 4616 4575 4534 4476 4482 4516 4285 3416 2364 1640 1044  311  -99  -99  -99  -99  -99  -99  -99  -99  -99  -99  -99  -99  -99  -99 
   95  -99  -99  -99  150  851 1382 1884 2305 2526 2671 2778 2839 2895 2994 3054 3011 3022 3091 2975 3282 3248 3460 3603 3821 3919 3958 4005 4042 4100 4134 4023 3973 4148 4252 4280 4342 4352 4421 4498 4562 4649 4604 4578 4697 4689 4676 4642 4749 4796 4840 4838 4834 4841 4810 4833 4824 4646 4900 4914 4913 4876 4870 4852 4835 4846 4846 4808 4797 4790 4769 4759 4578 4203 4739 4725 4717 4701 4651 4602 4529 4483 4470 4439 3924 2921 2375 1692  820  185  107  -99  -99  -99  -99  -99  -99  -99  -99  -99  -99  -99  -99 
   94  -99  -99  -99  316  879 1507 2055 2359 2569 2685 2771 2835 2916 3024 2925 2904 3062 3104 3081 3329 3334 3494 3483 3846 3920 3951 3963 4036 4100 4145 4196 4238 4227 4207 4345 4404 4532 4560 4576 4606 4643 4635 4654 4689 4705 4670 4673 4719 4839 4841 4841 4835 4842 4843 4834 4696 4520 4898 4902 4910 4863 4817 4598 4840 4844 4837 4837 4810 4804 4796 4780 4734 4696 4740 4722 4716 4707 4686 4636 4593 4493 4439 4345 4039 3295 2956 2215 1476  749  204  145   87  -99  -99  -99  -99  -99  -99  -99  -99  -99  -99 
   93  -99  -99   38  472 1076 1652 2133 2392 2548 2655 2750 2822 2918 2953 2725 2971 3040 3031 3105 3428 3575 3646 3614 3886 3913 3959 3916 3977 4074 4062 4124 4173 4266 4287 4271 4465 4303 4546 4548 4627 4640 4633 4650 4651 4746 4725 4749 4761 4833 4842 4842 4840 4847 4679 4828 4806 4799 4886 4883 4890 4897 4872 4825 4837 4843 4835 4839 4801 4806 4797 4786 4757 4748 4736 4716 4709 4691 4691 4657 4598 4492 4401 4270 4043 3833 3282 2587 1929 1166  869  678  212   86   49   26  -99  -99  -99  -99  -99  -99  -99 
   92  -99  -99  389  659 1300 1749 2195 2417 2553 2663 2737 2839 2918 2759 2607 2978 2599 2470 3004 3509 3566 3643 3725 3800 3866 3772 3926 3893 4049 4097 4114 4099 4043 4215 4396 4413 4398 4569 4590 4643 4636 4664 4670 4653 4744 4750 4765 4800 4835 4843 4844 4839 4847 4630 4830 4812 4835 4882 4891 4630 4867 4867 4843 4836 4843 4838 4838 4808 4797 4790 4782 4766 4744 4736 4713 4708 4698 4667 4625 4548 4443 4308 4170 3929 3666 3385 2886 2404 2016 1783  723  515  129  102   43   22  -99  -99  -99  -99  -99  -99 
   91  -99  145  541 1102 1513 1897 2218 2413 2560 2665 2760 2834 2824 2745 2730 2756 2432 2705 3221 3489 3526 3625 3684 3746 3787 3876 3808 3961 4070 4047 4132 4188 4205 4167 3928 4208 3988 4514 4623 4626 4660 4676 4690 4754 4742 4701 4775 4825 4835 4841 4842 4834 4846 4616 4840 4826 4828 4838 4889 4886 4878 4870 4846 4837 4843 4834 4834 4809 4800 4797 4788 4770 4750 4743 4723 4717 4692 4662 4635 4532 4423 4291 4065 3916 3655 3278 2923 2557 2194 1795 1191  328  180  136   97   32  -99  -99  -99  -99  -99  -99 
   90  -99  129  904 1374 1744 2037 2275 2444 2572 2659 2766 2802 2838 2950 3029 3149 3318 3363 3410 3418 3468 3415 3441 3698 3793 3795 3872 3711 3986 3988 4180 4202 4214 4128 3950 4316 4414 4471 4567 4670 4656 4680 4739 4760 4767 4775 4776 4818 4831 4840 4845 4838 4849 4768 4846 4833 4811 4814 4859 4895 4883 4872 4841 4838 4842 4839 4828 4810 4810 4800 4786 4770 4759 4752 4725 4720 4670 4615 4583 4531 4406 4267 4120 3855 3596 3311 3014 2712 2385 2030 1166  635  261  207  123   77   25  -99  -99  -99  -99  -99 
   89  -99  143  847 1725 2004 2189 2380 2516 2608 2684 2720 2802 2879 2999 3090 3169 3319 3263 3337 3378 3352 3439 3455 3536 3735 3782 3748 3793 3817 4036 4181 4199 4241 4336 4377 4401 4409 4546 4603 4641 4633 4696 4698 4728 4772 4783 4802 4803 4833 4842 4845 4843 4850 4855 4849 4823 4815 4818 4820 4888 4886 4890 4858 4846 4850 4847 4823 4814 4815 4806 4701 4533 4748 4760 4734 4694 4646 4600 4546 4456 4368 4242 4088 3923 3745 3428 3103 2934 2416 2025 1393  961  633  353  153   93   34  -99  -99  -99  -99  -99 
   88  -99   89  746 1705 2076 2271 2416 2513 2580 2630 2656 2693 2757 2893 2976 3255 3265 3272 3284 3264 3357 3377 3403 3458 3571 3777 3805 3800 3884 4107 4186 4203 4227 4254 4393 4405 4539 4574 4519 4606 4646 4695 4685 4730 4767 4768 4801 4809 4837 4847 4843 4849 4854 4859 4854 4777 4670 4832 4466 4878 4857 4672 4850 4848 4860 4818 4839 4827 4767 4689 4687 4505 4454 4723 4727 4733 4695 4631 4549 4457 4347 4250 4181 4021 3869 3561 3347 3080 2657 2177 1653 1308  942  561  148   96   55  -99  -99  -99  -99  -99 
   87  -99   44  503 1443 1765 2019 2265 2421 2481 2569 2563 2568 2518 2701 2962 3208 3230 3147 3196 3209 3317 3331 3294 3362 3461 3792 3849 3877 3920 3970 4045 4058 4197 4334 4278 4387 4380 4352 4283 4611 4663 4680 4698 4703 4733 4762 4800 4814 4836 4848 4848 4846 4854 4858 4859 4598 4454 4843 4847 4900 4785 3934 4055 4139 4728 4857 4849 4835 4765 4735 4673 4549 4452 4329 4357 4665 4643 4630 4552 4481 4359 4250 4144 3991 3835 3662 3406 2935 2426 1910 1469 1214  721  223  111   93   50  -99  -99  -99  -99  -99 
   86  -99   14  376  481 1260 1934 2180 2232 2401 2494 2343 2336 2344 2618 3042 3073 3124 2897 3108 3163 3231 3210 3240 3336 3425 3577 3848 3905 3965 3979 3995 4029 4037 4024 4172 4354 4227 4308 4502 4662 4648 4696 4704 4697 4680 4777 4809 4818 4836 4849 4848 4848 4849 4861 4860 4792 4745 4844 4859 4863 4500 3585 3981 4761 4859 4857 4849 4839 4811 4751 4557 4684 4486 4416 4233 4371 4571 4447 4390 4439 4347 4258 4173 4064 3927 3726 3298 2719 2271 1800 1377  997  440  113   86  -99  -99  -99  -99  -99  -99  -99 
   85  -99  -99   89  309  740 1775 2141 2164 2315 2365 2258 2267 2373 2656 2991 2967 3022 2953 2988 3117 3194 3195 3133 3208 3198 3330 3906 3934 4001 4027 4024 4017 3908 3949 4190 4307 4371 4420 4506 4560 4658 4598 4687 4537 4323 4744 4815 4820 4829 4821 4849 4849 4851 4861 4862 4857 4843 4850 4848 4790 4243 4038 4829 4840 4850 4851 4846 4838 4827 4746 4558 4611 4565 4451 4388 4447 4308 4331 4098 4441 4388 4346 4253 4147 3977 3574 3051 2621 2117 1754 1280  804  229   94  -99  -99  -99  -99  -99  -99  -99  -99 
   84  -99  -99   49  136  431 1388 1994 2064 2193 2198 2241 2286 2341 2501 2770 2882 2835 2882 2684 2169 2450 3115 3047 3008 3061 3204 3891 3958 4043 4087 4064 4118 3909 3990 4155 4185 4370 4402 4500 4621 4679 4682 4643 4496 4512 4763 4773 4812 4828 4547 4849 4854 4853 4864 4862 4859 4848 4845 4845 4529 4276 4844 4852 4840 4846 4849 4845 4836 4831 4816 4702 4632 4626 4496 4488 4583 4581 4371 4130 4527 4475 4423 4337 4224 4041 3561 3158 2729 2273 1670 1071  270  121   65  -99  -99  -99  -99  -99  -99  -99  -99 
   83  -99  -99  -99  192  537  990 1727 1914 2086 2136 2154 2232 2276 2482 2538 2593 2500 2411 2325 1849 1892 2168 2739 2833 2938 2962 3616 3852 3966 4054 4140 4160 4071 3902 4112 4224 4337 4426 4628 4667 4682 4683 4687 4692 4722 4716 4814 4818 4827 4845 4854 4854 4852 4862 4862 4861 4848 4845 4846 4597 4861 4861 4860 4839 4840 4846 4844 4840 4829 4828 4808 4649 4736 4520 4522 4621 4588 4351 4449 4568 4496 4452 4376 4287 4060 3708 3153 2725 2236 1636 1092  462  116   33  -99  -99  -99  -99  -99  -99  -99  -99 
   82  -99  -99  -99  188  673 1144 1417 1653 1787 1955 2073 2091 2159 2255 2318 2350 2292 2224 1769 1541 1398 1409 2273 2682 2840 2903 3654 3777 3870 3982 4094 4210 4232 4169 4142 4203 4397 4484 4623 4656 4668 4609 4581 4679 4738 4797 4823 4819 4827 4842 4850 4856 4851 4861 4861 4859 4846 4843 4842 4854 4861 4861 4856 4839 4840 4846 4839 4837 4825 4825 4814 4788 4741 4644 4637 4653 4642 4586 4622 4569 4499 4468 4432 4391 4283 3622 3072 2660 2054 1315  715  234  140   91  -99  -99  -99  -99  -99  -99  -99  -99 
   81  -99  -99  -99   27  694 1061 1191 1174 1189 1121 1495 1241 1281 1619 1739 2223 2180 1907 1674 1349  913  531 1240 1578 2543 2914 3658 3762 3830 3975 4133 4257 4311 4321 4286 4299 4428 4508 4574 4631 4606 4632 4679 4748 4765 4812 4816 4824 4826 4840 4850 4853 4851 4857 4861 4859 4848 4839 4841 4847 4857 4858 4856 4841 4841 4845 4800 4833 4823 4823 4811 4793 4770 4728 4687 4666 4662 4648 4615 4576 4526 4484 4445 4406 4174 3682 3122 2610 2130 1713 1127  280  187   95  -99  -99  -99  -99  -99  -99  -99  -99 
   80  -99  -99  -99  -99  396  778  725  608  668  834  861  668  486 1137 1480 1723 2035 1842 1583 1123  216  216  432  891 1625 2819 3656 3784 3858 3945 4048 4221 4303 4380 4386 4397 4460 4423 4456 4534 4588 4642 4682 4795 4822 4816 4817 4824 4825 4838 4849 4852 4849 4854 4860 4858 4849 4839 4836 4839 4849 4858 4855 4842 4845 4844 4832 4828 4822 4819 4801 4785 4760 4736 4721 4683 4673 4656 4622 4574 4523 4481 4444 4398 4135 3341 2914 2688 2261 1982 1455  979  373   93   17  -99  -99  -99  -99  -99  -99  -99 
   79  -99  -99  -99  -99  -99  121   99  203  249  553  215  241  270  467 1254 1518 1366 1322  859  447  172  181  355  662 1268 2475 3319 3785 3886 3931 3874 4114 4228 4346 4403 4452 4511 4515 4541 4495 4625 4681 4772 4812 4823 4820 4814 4821 4824 4834 4848 4851 4849 4857 4858 4855 4847 4836 4833 4717 4853 4857 4858 4846 4743 4321 4504 4705 4814 4817 4802 4784 4762 4742 4723 4698 4673 4650 4612 4563 4498 4435 4356 4293 4187 3810 3385 2953 2696 2281 1902 1438  919  104   52   12  -99  -99  -99  -99  -99  -99 
   78  -99  -99  -99  -99  -99   14   62   71   72   83   94  183  295  415  958 1233 1022  696  556  281  145  165  288  546 1143 2437 3105 3691 3905 4040 4127 4215 4290 4389 4401 4427 4524 4534 4552 4562 4649 4703 4778 4818 4828 4819 4815 4822 4820 4832 4845 4846 4845 4849 4854 4789 4844 4836 4835 4836 4852 4855 4850 4836 4835 4819 4835 4831 4821 4821 4806 4789 4770 4744 4717 4681 4665 4636 4603 4555 4490 4413 4299 4189 4056 3859 3626 3279 2920 2463 2016 1410  729  100   82   50   12  -99  -99  -99  -99  -99 
   77  -99  -99  -99  -99  -99  -99  -99   32   25   25   69   91  323  660  930 1029  677  560  322  194  118  151  223  468  990 1924 2914 3612 3858 3979 4224 4323 4390 4428 4464 4499 4546 4550 4565 4624 4684 4717 4799 4812 4828 4820 4811 4816 4816 4824 4840 4841 4843 4844 4854 4849 4843 4832 4831 4835 4848 4852 4852 4839 4829 4835 4835 4834 4812 4817 4807 4795 4771 4722 4700 4672 4643 4632 4602 4543 4481 4397 4305 4163 4009 3820 3632 3261 2982 2538 2015 1393  759   70   89   74   31  -99  -99  -99  -99  -99 
   76  -99  -99  -99  -99  -99  -99  -99  -99  -99  -99  -99   51   97  452  651  588  478  375  219  184  147  104  166  303  729 1452 2661 3197 3879 4081 4232 4347 4426 4463 4536 4554 4580 4552 4573 4705 4772 4782 4809 4823 4826 4819 4814 4817 4814 4822 4836 4840 4841 4846 4855 4851 4845 4832 4831 4834 4846 4850 4848 4839 4825 4833 4836 4784 4790 4818 4812 4791 4765 4718 4700 4674 4670 4643 4611 4559 4521 4432 4314 4214 4087 3863 3627 3285 2965 2515 2018 1214  284  104   99   74   43  -99  -99  -99  -99  -99 
   75  -99  -99  -99  -99  -99  -99  -99  -99  -99  -99  -99  -99   36   78  221   86  157  147  139  145  139  134  153  224  569 1078 2118 2942 3724 4107 4261 4373 4436 4483 4552 4573 4602 4632 4677 4743 4773 4796 4806 4822 4823 4782 4800 4813 4809 4813 4781 4842 4823 4837 4857 4850 4848 4831 4827 4830 4816 4848 4846 4836 4821 4831 4834 4595 4459 4815 4661 4741 4735 4710 4700 4682 4678 4649 4612 4572 4524 4464 4377 4245 4102 3872 3641 3318 2813 2411 1725 1108  200  154  105   91  -99  -99  -99  -99  -99  -99 
   74  -99  -99  -99  -99  -99  -99  -99  -99  -99  -99  -99  -99  -99   40   19  -99   60   76  126  132  133  130  143  165  317  648 1359 2562 3421 4131 4228 4347 4461 4503 4563 4586 4616 4690 4736 4761 4788 4796 4809 4817 4816 4709 4700 4810 4802 4795 4832 4822 4585 4832 4849 4853 4848 4831 4826 4742 4729 4846 4845 4836 4819 4739 4831 4425 4651 4737 4435 4689 4718 4671 4655 4369 4559 4634 4615 4569 4534 4496 4423 4338 4202 4028 3695 3063 2821 2401 1821  883  220  181  122   47  -99  -99  -99  -99  -99  -99 
   73  -99  -99  -99  -99  -99  -99  -99  -99  -99  -99  -99  -99  -99  -99  -99  -99  -99   13   71   75   84  114  126  139  213  466 1144 2079 3086 4155 4254 4356 4476 4536 4581 4621 4663 4699 4741 4772 4789 4801 4806 4812 4811 4812 4808 4807 4803 4809 4823 4790 4815 4822 4851 4853 4847 4830 4826 4826 4834 4843 4839 4832 4814 4818 4822 4624 4759 4645 4433 4673 4707 4575 4638 4578 4638 4642 4624 4584 4549 4527 4478 4387 4228 3854 3208 2760 2540 2164 1666  904  236  205  132   71  -99  -99  -99  -99  -99  -99 
   72  -99  -99  -99  -99  -99  -99  -99  -99  -99  -99  -99  -99  -99  -99  -99  -99  -99  -99  -99   15   29   68  106  123  160  405 1103 2046 3153 4132 4273 4363 4487 4549 4617 4680 4692 4711 4751 4780 4790 4796 4795 4812 4809 4811 4804 4800 4800 4802 4814 4814 4818 4820 4841 4847 4843 4826 4816 4821 4826 4839 4836 4830 4810 4813 4819 4806 4778 4592 4424 4650 4679 4607 4668 4655 4654 4652 4639 4591 4564 4542 4489 4399 4223 3993 3643 3029 2497 1830 1329  716  229  213  140   83  -99  -99  -99  -99  -99  -99 
   71  -99  -99  -99  -99  -99  -99  -99  -99  -99  -99  -99  -99  -99  -99  -99  -99  -99  -99  -99  -99  -99   11   63   92  147  404 1190 1888 3231 4066 4218 4327 4414 4527 4625 4682 4708 4739 4755 4779 4788 4797 4798 4807 4806 4811 4801 4794 4793 4799 4790 4259 4814 4815 4827 4843 4842 4825 4815 4816 4821 4834 4828 4819 4798 4801 4809 4806 4789 4676 4579 4674 4704 4680 4673 4662 4664 4654 4639 4604 4579 4559 4520 4475 4312 3710 3188 3213 2628 1996 1092  279  218  218  122   76  -99  -99  -99  -99  -99  -99 
   70  -99  -99  -99  -99  -99  -99  -99  -99  -99  -99  -99  -99  -99  -99  -99  -99  -99  -99  -99  -99  -99  -99  -99   66  149  506 1137 1892 3217 3820 4061 4204 4337 4483 4582 4659 4710 4730 4755 4776 4787 4793 4792 4801 4804 4808 4799 4792 4788 4788 4685 4518 4788 4811 4820 4839 4839 4824 4812 4819 4819 4830 4815 4804 4786 4784 4799 4790 4788 4754 4737 4728 4713 4684 4679 4662 4464 4648 4638 4610 4581 4560 4524 4502 4417 3899 3114 2607 2477 1768 1143  448  223  220  103   71  -99  -99  -99  -99  -99  -99 
   69  -99  -99  -99  -99  -99  -99  -99  -99  -99  -99  -99  -99  -99  -99  -99  -99  -99  -99  -99  -99  -99  -99  -99   61  146  522 1112 2094 3186 3389 3825 4071 4223 4384 4521 4644 4701 4732 4754 4767 4782 4788 4787 4793 4804 4807 4795 4786 4786 4780 4766 4788 4802 4803 4807 4820 4833 4829 4606 4624 4812 4826 4813 4787 4775 4769 4784 4776 4768 4752 4746 4724 4709 4682 4676 4656 4552 4647 4641 4611 4584 4553 4488 4428 4225 3689 2928 2243 1792 1399  885  466  224  213   94   76  -99  -99  -99  -99  -99  -99 
   68  -99  -99  -99  -99  -99  -99  -99  -99  -99  -99  -99  -99  -99  -99  -99  -99  -99  -99  -99  -99  -99  -99  -99   71  103  664 1646 2250 2859 3262 3681 3936 4130 4321 4491 4634 4680 4712 4748 4759 4751 4767 4781 4792 4802 4798 4793 4781 4781 4775 4776 4789 4793 4792 4765 4769 4819 4832 4778 4751 4749 4801 4782 4778 4764 4762 4773 4769 4758 4747 4745 4720 4703 4680 4671 4660 4660 4654 4642 4614 4570 4537 4458 4328 3804 3186 2737 2276 1486  771  307  235  216  211   89   47  -99  -99  -99  -99  -99  -99 
   67  -99  -99  -99  -99  -99  -99  -99  -99  -99  -99  -99  -99  -99  -99  -99  -99  -99  -99  -99  -99  -99  -99  -99   54  472 1205  862 2218 2854 3286 3581 3937 4162 4304 4457 4560 4637 4695 4747 4756 4754 4753 4777 4787 4798 4794 4789 4778 4773 4766 4770 4784 4785 4787 4748 4725 4586 4689 4811 4765 4735 4753 4748 4729 4749 4754 4763 4763 4754 4720 4737 4722 4708 4571 4615 4559 4659 4656 4648 4622 4576 4541 4424 4225 3982 3205 2638 1782 1084  744  687  240  217  211   75   11  -99  -99  -99  -99  -99  -99 
   66  -99  -99  -99  -99  -99  -99  -99  -99  -99  -99  -99  -99  -99  -99  -99  -99  -99  -99  -99  -99  -99  -99  -99   32   68  164  763 1189 1619 2279 3207 3801 4137 4285 4426 4545 4619 4687 4728 4740 4753 4753 4773 4786 4792 4790 4786 4773 4768 4765 4775 4781 4783 4779 4762 4724 4712 4762 4800 4759 4734 4737 4732 4725 4637 4746 4746 4756 4755 4732 4725 4718 4567 4386 4349 4556 4646 4653 4644 4620 4593 4551 4376 4018 3780 3031 2538 1867 1592 1391  930  294  213  201   75   19  -99  -99  -99  -99  -99  -99 
   65  -99  -99  -99  -99  -99  -99  -99  -99  -99  -99  -99  -99  -99  -99  -99  -99  -99  -99  -99  -99  -99  -99  -99   25   61  117  204  577  988 1485 2157 3162 4203 4282 4384 4477 4577 4652 4687 4715 4737 4743 4760 4773 4785 4785 4783 4770 4761 4762 4603 4676 4772 4772 4750 4391 4676 4743 4766 4776 4664 4737 4733 4726 4727 4730 4738 4745 4744 4729 4726 4715 4702 4615 4584 4637 4651 4653 4651 4625 4579 4564 3770 3320 3004 3119 2687 2266 1879 1479  949  253  207   89   65  -99  -99  -99  -99  -99  -99  -99 
   64  -99  -99  -99  -99  -99  -99  -99  -99  -99  -99  -99  -99  -99  -99  -99  -99  -99  -99  -99  -99  -99  -99  -99  -99   53   61  171  594 1022 1662 2798 3470 4167 4224 4353 4446 4554 4575 4643 4680 4721 4731 4748 4759 4772 4774 4775 4759 4757 4750 4723 4705 4726 4757 4746 4621 4647 4740 4732 4760 4679 4725 4723 4717 4718 4698 4700 4721 4733 4723 4720 4713 4702 4593 4593 4639 4645 4651 4632 4595 4109 4143 3341 2566 2730 2662 2232 2008 1698 1217  849  247  205   89  -99  -99  -99  -99  -99  -99  -99  -99 
   63  -99  -99  -99  -99  -99  -99  -99  -99  -99  -99  -99  -99  -99  -99  -99  -99  -99  -99  -99  -99  -99  -99  -99  -99   39   55  195  775 1369 2146 3207 3933 4071 4149 4309 4405 4477 4546 4622 4676 4709 4717 4734 4752 4761 4761 4764 4751 4702 4697 4712 4709 4693 4723 4740 4726 4714 4721 4709 4719 4730 4729 4726 4714 4703 4682 4677 4703 4720 4716 4713 4709 4693 4665 4611 4633 4643 4636 4571 4035 3504 3555 2900 2181 2193 2192 1762 1491 1226 1005  446  231  198   98  -99  -99  -99  -99  -99  -99  -99  -99 
   62  -99  -99  -99  -99  -99  -99  -99  -99  -99  -99  -99  -99  -99  -99  -99  -99  -99  -99  -99  -99  -99  -99  -99  -99   37   51  398 1080 1765 2445 3499 3848 4052 4169 4266 4351 4450 4550 4623 4674 4711 4720 4721 4737 4745 4752 4754 4742 4722 4582 4707 4710 4534 4662 4727 4721 4715 4710 4693 4689 4708 4719 4721 4708 4695 4671 4675 4693 4701 4708 4649 4681 4689 4666 4638 4628 4638 4629 4553 4073 3340 3001 2686 2098 1657 1701 1398 1080  934  487  243  227  142   98  -99  -99  -99  -99  -99  -99  -99  -99 
   61  -99  -99  -99  -99  -99  -99  -99  -99  -99  -99  -99  -99  -99  -99  -99  -99  -99  -99  -99  -99  -99  -99  -99   48   48  382  599 1124 2136 3351 3668 3921 4040 4147 4239 4356 4467 4572 4625 4676 4706 4720 4715 4729 4731 4745 4750 4733 4717 4723 4711 4715 4509 4717 4716 4704 4705 4702 4683 4677 4687 4708 4708 4704 4685 4660 4662 4677 4689 4693 4669 4686 4680 4665 4644 4624 4547 4621 4563 3852 4001 3347 2643 1843 1618 1470 1252 1041  806  256  229  227  144   29   25  -99  -99  -99  -99  -99  -99  -99 
   60  -99  -99  -99  -99  -99  -99  -99  -99  -99  -99  -99  -99  -99  -99  -99  -99  -99  -99  -99  -99  -99   23   22  386  174  384 1633 2319 3150 3419 3668 3836 3971 4136 4250 4357 4465 4575 4644 4693 4706 4710 4711 4721 4735 4739 4736 4721 4701 4717 4711 4709 4711 4709 4705 4699 4696 4697 4678 4664 4675 4693 4698 4687 4682 4658 4655 4663 4670 4678 4672 4681 4677 4664 4638 4622 4614 4611 4590 4534 4116 3422 3024 2500 2309 1560 1273 1154  902  247  224  226  120   69  -99  -99  -99  -99  -99  -99  -99  -99 
   59  -99  -99  -99  -99  -99  -99  -99  -99  -99  -99  -99  -99  -99  -99  -99  -99  -99  -99  -99  -99   46  367  631  734 1034 1384 2116 2930 3235 3415 3617 3825 4000 4134 4244 4347 4456 4580 4626 4674 4685 4700 4707 4710 4728 4732 4733 4721 4699 4699 4694 4702 4710 4704 4694 4693 4693 4690 4673 4659 4669 4679 4689 4678 4667 4643 4638 4646 4657 4661 4659 4667 4661 4656 4621 4615 4598 4604 4577 4531 4275 3861 3329 3077 2732 2142 1323 1167  911  321  223  222   95   25  -99  -99  -99  -99  -99  -99  -99  -99 
   58  -99  -99  -99  -99  -99  -99  -99  -99  -99  -99  -99  -99  -99  -99  -99  -99  -99  -99  -99  -99   24  478 1092 1326 2092 2431 2692 2809 2994 3062 3653 3856 3970 4152 4273 4373 4489 4584 4635 4671 4681 4696 4700 4703 4718 4730 4726 4720 4697 4685 4688 4691 4706 4700 4689 4684 4688 4682 4673 4654 4653 4662 4673 4670 4662 4637 4626 4633 4642 4645 4640 4658 4647 4636 4617 4606 4594 4597 4584 4556 4562 4056 3476 2857 2537 1658 1308 1284  968  362  229  215  109   16  -99  -99  -99  -99  -99  -99  -99  -99 
   57  -99  -99  -99  -99  -99  -99  -99  -99  -99  -99  -99  -99  -99  -99  -99  -99  -99  -99  -99  -99  292  944 1345 1718 2009 2288 2490 1530 2243 2877 3351 4081 4163 4202 4340 4438 4546 4602 4646 4666 4684 4696 4700 4697 4713 4726 4721 4716 4691 4687 4678 4689 4696 4696 4687 4680 4685 4673 4665 4652 4644 4648 4662 4662 4651 4631 4614 4619 4623 4628 4621 4635 4623 4614 4610 4592 4577 4584 4579 4554 4485 3859 3785 3531 2899 1876 2051 1459 1109  471  235  213  130   43  -99  -99  -99  -99  -99  -99  -99  -99 
   56  -99  -99  -99  -99  -99  -99  -99  -99  -99  -99  -99  -99  -99  -99  -99  -99  -99  -99  -99  -99   47  363  367 1178 1707 1742 2080 1143 1930 2812 3274 4219 4325 4357 4419 4500 4558 4636 4660 4683 4693 4701 4702 4697 4706 4712 4716 4714 4692 4681 4678 4679 4692 4690 4685 4677 4674 4673 4662 4648 4641 4639 4650 4652 4642 4623 4606 4610 4612 4611 4610 4620 4606 4597 4592 4576 4559 4557 4546 4537 4352 3725 3854 3119 2747 2569 2343 1769 1333  631  233  218  125   76  -99  -99  -99  -99  -99  -99  -99  -99 
   55  -99  -99  -99  -99  -99  -99  -99  -99  -99  -99  -99  -99  -99  -99  -99  -99  -99  -99  -99  -99  -99  -99  101  746 1182 1589 1532  894 1651 2741 3567 4216 4401 4477 4546 4582 4612 4653 4669 4685 4693 4697 4698 4695 4705 4714 4710 4703 4689 4676 4676 4673 4682 4685 4679 4666 4669 4669 4661 4640 4632 4633 4640 4639 4632 4612 4594 4596 4602 4601 4594 4596 4589 4586 4575 4570 4545 4540 4522 4485 4346 4232 3880 3467 2979 2610 2299 1665 1493  927  236  212  158   76  -99  -99  -99  -99  -99  -99  -99  -99 
   54  -99  -99  -99  -99  -99  -99  -99  -99  -99  -99  -99  -99  -99  -99  -99  -99  -99  -99  -99  -99  -99  -99  -99  485 1176 1467  938 1208 2110 3175 4043 4332 4432 4549 4613 4633 4636 4657 4670 4684 4690 4693 4697 4695 4701 4709 4709 4705 4686 4667 4671 4674 4668 4676 4669 4654 4664 4662 4655 4633 4622 4622 4624 4628 4616 4608 4579 4589 4587 4588 4577 4576 4574 4570 4556 4563 4530 4524 4509 4464 4351 4123 3931 3626 2684 2248 2058 1657 1085  383  232  198  174   87   44  -99  -99  -99  -99  -99  -99  -99 
   53  -99  -99  -99  -99  -99  -99  -99  -99  -99  -99  -99  -99  -99  -99  -99  -99  -99  -99  -99  -99  -99  -99  -99  565 1114 1213  723 1618 2682 3898 4285 4400 4478 4578 4621 4633 4636 4650 4666 4672 4679 4691 4694 4695 4690 4700 4705 4699 4682 4659 4669 4664 4672 4663 4660 4650 4655 4658 4655 4625 4618 4613 4608 4607 4599 4588 4567 4575 4577 4578 4563 4563 4558 4554 4537 4540 4525 4509 4487 4444 4356 4197 3941 3432 2336 2084 1654 1423 1187  771  274  204  113   92   32  -99  -99  -99  -99  -99  -99  -99 
   52  -99  -99  -99  -99  -99  -99  -99  -99  -99  -99  -99  -99  -99  -99  -99  -99  -99  -99  -99  -99  -99  -99   66  651 1006  888 1193 2725 3736 3760 3696 4471 4559 4602 4622 4633 4645 4647 4658 4669 4678 4687 4696 4693 4684 4696 4700 4691 4678 4661 4660 4651 4661 4659 4656 4642 4645 4652 4650 4629 4600 4603 4606 4597 4584 4577 4558 4559 4565 4562 4559 4549 4538 4535 4529 4523 4510 4498 4477 4440 4378 4295 3613 2702 2192 1927 1486 1193  611  403  218  113  108   87   27  -99  -99  -99  -99  -99  -99  -99 
   51  -99  -99  -99  -99  -99  -99  -99  -99  -99  -99  -99  -99  -99  -99  -99  -99  -99  -99  -99  -99  -99   47   59  389  504 1367 2454 3308 2753 2317 3311 4161 4558 4592 4630 4640 4648 4643 4656 4666 4674 4684 4690 4689 4678 4684 4688 4684 4678 4657 4652 4647 4653 4658 4646 4641 4640 4645 4644 4621 4593 4592 4592 4594 4577 4562 4542 4543 4555 4549 4559 4536 4521 4509 4508 4504 4496 4486 4465 4436 4393 4219 3691 3311 2472 2153 1502 1081  286  222  200   89   89   44   10  -99  -99  -99  -99  -99  -99  -99 
   50  -99  -99  -99  -99  -99  -99  -99  -99  -99  -99  -99  -99  -99  -99  -99  -99  -99  -99  -99  -99  -99   46   55   66  650 1303 2945 1737 1947 2965 3546 3835 4489 4581 4620 4639 4650 4640 4653 4666 4676 4684 4686 4685 4674 4674 4679 4676 4673 4654 4641 4643 4642 4648 4652 4631 4627 4635 4634 4616 4591 4569 4577 4586 4578 4557 4534 4533 4535 4535 4556 4524 4504 4490 4486 4475 4472 4472 4453 4433 4299 4292 3324 2439 1917 1545 1230  806  308  221  169   86   62   15  -99  -99  -99  -99  -99  -99  -99  -99 
   49  -99  -99  -99  -99  -99  -99  -99  -99  -99  -99  -99  -99  -99  -99  -99  -99  -99  -99  -99  -99  -99   44   56   56  281 1294 2000 1190 2622 3787 4092 4178 4403 4518 4607 4629 4645 4637 4653 4665 4672 4678 4680 4679 4671 4663 4673 4673 4668 4650 4633 4630 4635 4639 4637 4643 4616 4623 4617 4609 4585 4570 4562 4573 4565 4551 4518 4519 4526 4524 4534 4512 4485 4479 4459 4452 4453 4454 4435 4418 4382 4111 3228 2115 1867 1900 1483 1282  805  233  198   84   55  -99  -99  -99  -99  -99  -99  -99  -99  -99 
   48  -99  -99  -99  -99  -99  -99  -99  -99  -99  -99  -99  -99  -99  -99  -99  -99  -99  -99  -99  -99  -99   23   56   51  230 1251 1457 1826 3436 3709 4099 4288 4390 4474 4605 4631 4641 4642 4655 4666 4673 4675 4674 4672 4668 4653 4665 4667 4660 4644 4633 4626 4630 4629 4625 4626 4626 4617 4605 4599 4582 4566 4559 4571 4553 4539 4510 4503 4514 4508 4511 4496 4466 4460 4433 4417 4430 4431 4422 4413 4399 4113 3239 2761 2594 2489 2223 1754  927  237  211   91   73  -99  -99  -99  -99  -99  -99  -99  -99  -99 
   47  -99  -99  -99  -99  -99  -99  -99  -99  -99  -99  -99  -99  -99  -99  -99  -99  -99  -99  -99  -99  -99   25   57   51  441 1078 1191 2374 3337 3349 4191 4398 4501 4543 4599 4635 4648 4639 4653 4661 4672 4664 4667 4667 4664 4647 4643 4655 4655 4637 4622 4618 4624 4623 4620 4615 4603 4616 4604 4589 4569 4556 4539 4544 4549 4519 4500 4479 4497 4492 4487 4471 4454 4431 4399 4389 4392 4410 4411 4396 4382 4319 3881 3255 3194 2678 2192 1470  627  229  203   99   75  -99  -99  -99  -99  -99  -99  -99  -99  -99 
   46  -99  -99  -99  -99  -99  -99  -99  -99  -99  -99  -99  -99  -99  -99  -99  -99  -99  -99  -99  -99  -99  -99  114  504 1079 1118  846 2376 3063 2818 3927 4309 4467 4553 4593 4631 4637 4634 4648 4662 4665 4659 4653 4660 4660 4642 4633 4644 4641 4625 4613 4610 4612 4617 4616 4605 4592 4602 4599 4580 4558 4538 4534 4528 4520 4510 4484 4468 4474 4472 4461 4452 4439 4407 4377 4360 4355 4374 4392 4371 4345 4338 4379 3676 3035 2585 1947 1311 1032  307  150  104   86   59  -99  -99  -99  -99  -99  -99  -99  -99 
   45  -99  -99  -99  -99  -99  -99  -99  -99  -99  -99  -99  -99  -99  -99  -99  -99  -99  -99  -99  -99  -99  -99   26   57  225  506  703 2395 2742 2540 3032 4105 4442 4571 4604 4625 4632 4625 4641 4660 4655 4656 4642 4650 4648 4640 4631 4635 4632 4617 4606 4600 4596 4607 4611 4590 4588 4584 4589 4580 4544 4525 4511 4513 4507 4495 4465 4450 4456 4453 4446 4441 4428 4360 4298 4340 4334 4341 4347 4319 4283 4070 3900 3111 2879 2663 2031 2057 1302  483  151  125   99   80   19  -99  -99  -99  -99  -99  -99  -99 
   44  -99  -99  -99  -99  -99  -99  -99  -99  -99  -99  -99  -99  -99  -99  -99  -99  -99  -99  -99  -99  -99  -99  -99   28   57  126  613 1775 2202 1965 2078 3356 4059 4584 4618 4628 4622 4622 4630 4649 4647 4652 4640 4645 4639 4636 4628 4626 4624 4613 4596 4591 4577 4594 4598 4584 4568 4567 4565 4571 4550 4510 4492 4491 4491 4471 4453 4425 4434 4424 4427 4421 4408 4352 4216 4242 4292 4285 4319 4267 4214 4026 3552 3371 3024 2889 2692 1941 1158  670  199  149  127   86   20  -99  -99  -99  -99  -99  -99  -99 
   43  -99  -99  -99  -99  -99  -99  -99  -99  -99  -99  -99  -99  -99  -99  -99  -99  -99  -99  -99  -99  -99  -99  -99   25   48   59  607 1303 1992 1378 1847 2078 3269 4475 4624 4630 4625 4620 4622 4635 4641 4642 4633 4629 4628 4630 4615 4611 4612 4605 4592 4580 4565 4581 4580 4573 4560 4556 4548 4537 4543 4512 4483 4474 4462 4445 4440 4393 4404 4398 4391 4368 4362 4350 4201 4066 4157 4175 4182 4177 4090 4046 3944 3756 3486 3123 2677 2145 1700 1100  412  174  132  104   50  -99  -99  -99  -99  -99  -99  -99 
   42  -99  -99  -99  -99  -99  -99  -99  -99  -99  -99  -99  -99  -99  -99  -99  -99  -99  -99  -99  -99  -99  -99  -99   22   42   54  637 1521 1668  661 1137 1209 1844 3727 4612 4626 4629 4622 4616 4626 4633 4634 4622 4614 4622 4618 4609 4596 4598 4598 4579 4565 4555 4564 4567 4562 4547 4534 4526 4521 4511 4512 4480 4444 4444 4435 4406 4375 4366 4377 4368 4335 4336 4323 4189 4073 3944 4088 4072 4045 3943 3912 3817 3649 3416 3061 2675 2168 1862 1158  588  171  127   95   45  -99  -99  -99  -99  -99  -99  -99 
   41  -99  -99  -99  -99  -99  -99  -99  -99  -99  -99  -99  -99  -99  -99  -99  -99  -99  -99  -99  -99  -99  -99  -99  -99   27   51  836 1225  616  117  331 1320 2328 3778 4563 4607 4621 4613 4605 4609 4626 4624 4611 4601 4616 4612 4606 4585 4582 4577 4560 4553 4542 4539 4559 4542 4535 4509 4507 4497 4490 4473 4460 4448 4428 4405 4380 4331 4325 4329 4312 4296 4300 4287 4070 4034 3896 3807 3976 3919 3835 3716 3692 3551 3149 2735 2411 2045 1648 1303  609   87   69   56   22  -99  -99  -99  -99  -99  -99  -99 
   40  -99  -99  -99  -99  -99  -99  -99  -99  -99  -99  -99  -99  -99  -99  -99  -99  -99  -99  -99  -99  -99  -99  -99  -99  -99   53  630  762  113  119  222 1197 2607 3863 4467 4585 4600 4605 4604 4597 4607 4614 4596 4596 4601 4604 4591 4576 4559 4559 4539 4534 4530 4521 4536 4529 4507 4489 4475 4467 4459 4444 4441 4432 4416 4393 4354 4320 4310 4286 4286 4268 4249 4235 4212 3911 3801 3708 3881 3821 3737 3652 3434 3258 3089 2695 2365 1859 1267  818  183   24  -99  -99  -99  -99  -99  -99  -99  -99  -99  -99 
   39  -99  -99  -99  -99  -99  -99  -99  -99  -99  -99  -99  -99  -99  -99  -99  -99  -99  -99  -99  -99  -99  -99  -99  -99  -99  -99   40   75  120  700 1222 1755 2111 3516 4263 4452 4579 4601 4600 4582 4586 4600 4598 4595 4589 4595 4583 4571 4548 4533 4523 4508 4511 4500 4506 4511 4477 4454 4453 4451 4430 4413 4415 4412 4410 4385 4271 4255 4276 4269 4227 4246 4217 4175 4171 4028 3775 3638 3627 3786 3642 3489 3313 3118 2992 2708 2267 1749  688   74   10  -99  -99  -99  -99  -99  -99  -99  -99  -99  -99  -99 
   38  -99  -99  -99  -99  -99  -99  -99  -99  -99  -99  -99  -99  -99  -99  -99  -99  -99  -99  -99  -99  -99  -99  -99  -99  -99  -99  -99   30   68  795 1180 1428 2521 3687 4011 4345 4514 4593 4591 4580 4566 4582 4595 4593 4587 4580 4570 4561 4532 4524 4499 4493 4483 4477 4478 4487 4467 4424 4425 4423 4407 4388 4386 4388 4396 4380 4268 4184 4202 4223 4189 4203 4174 4137 4119 4106 4017 3819 3675 3494 3557 3344 3187 2979 2739 2511 2088 1521  537  136  -99  -99  -99  -99  -99  -99  -99  -99  -99  -99  -99  -99 
   37  -99  -99  -99  -99  -99  -99  -99  -99  -99  -99  -99  -99  -99  -99  -99  -99  -99  -99  -99  -99  -99  -99  -99  -99  -99  -99  -99  -99   24  530  507 1003 2106 3551 4122 4358 4502 4562 4589 4580 4564 4561 4578 4586 4577 4564 4557 4537 4524 4501 4474 4459 4457 4442 4444 4455 4449 4413 4397 4381 4366 4349 4360 4367 4380 4382 4293 4158 4145 4164 4193 4144 4135 4075 4047 4054 4030 3901 3811 3663 3392 3290 3179 2957 2635 2352 2010 1645 1213  641   64   26  -99  -99  -99  -99  -99  -99  -99  -99  -99  -99 
   36  -99  -99  -99  -99  -99  -99  -99  -99  -99  -99  -99  -99  -99  -99  -99  -99  -99  -99  -99  -99  -99  -99  -99  -99  -99  -99  -99  -99  -99   14   58   98 1662 3353 4234 4365 4500 4555 4575 4575 4565 4555 4564 4583 4577 4555 4543 4522 4505 4474 4458 4433 4431 4421 4429 4438 4425 4402 4367 4354 4320 4310 4325 4352 4368 4381 4354 4163 4108 4079 4057 4107 4106 4048 3987 3966 3928 3927 3840 3662 3400 3163 3052 2941 2681 2364 2022 1650 1194  657   95   61  -99  -99  -99  -99  -99  -99  -99  -99  -99  -99 
   35  -99  -99  -99  -99  -99  -99  -99  -99  -99  -99  -99  -99  -99  -99  -99  -99  -99  -99  -99  -99  -99  -99  -99  -99  -99  -99  -99  -99  -99  -99  -99  -99 1421 2735 4151 4472 4499 4540 4554 4560 4567 4552 4554 4565 4573 4556 4527 4509 4495 4462 4440 4422 4410 4385 4382 4400 4402 4374 4347 4326 4305 4283 4304 4321 4341 4337 4330 4264 4185 4056 3959 4090 4031 4019 3962 3925 3792 3563 3673 3734 3596 3323 3001 2754 2500 2365 2088 1780 1415  994  451   66   32  -99  -99  -99  -99  -99  -99  -99  -99  -99 
   34  -99  -99  -99  -99  -99  -99  -99  -99  -99  -99  -99  -99  -99  -99  -99  -99  -99  -99  -99  -99  -99  -99  -99  -99  -99  -99  -99  -99  -99  -99  -99  -99  649 2241 3738 4491 4502 4522 4540 4549 4557 4554 4544 4552 4555 4551 4520 4503 4477 4450 4422 4406 4375 4351 4351 4361 4371 4350 4323 4304 4265 4248 4253 4285 4276 4293 4283 4245 4200 4174 4081 3900 4042 3971 3914 3843 3828 3566 3325 3236 3401 3143 2876 2679 2469 2182 1898 1715 1330  957  493   60   55  -99  -99  -99  -99  -99  -99  -99  -99  -99 
   33  -99  -99  -99  -99  -99  -99  -99  -99  -99  -99  -99  -99  -99  -99  -99  -99  -99  -99  -99  -99  -99  -99  -99  -99  -99  -99  -99  -99  -99  -99  -99  -99  193 1960 3310 4416 4495 4498 4526 4533 4549 4550 4537 4536 4545 4545 4525 4499 4475 4451 4415 4371 4361 4327 4325 4339 4346 4332 4302 4276 4253 4210 4208 4220 4206 4223 4218 4206 4134 4045 4079 3953 3745 3926 3889 3820 3781 3740 3481 3199 3029 2988 2813 2649 2426 2068 1856 1602 1305  910   66   63   59   20  -99  -99  -99  -99  -99  -99  -99  -99 
   32  -99  -99  -99  -99  -99  -99  -99  -99  -99  -99  -99  -99  -99  -99  -99  -99  -99  -99  -99  -99  -99  -99  -99  -99  -99  -99  -99  -99  -99  -99  -99  -99  -99 1025 3461 4373 4450 4494 4507 4521 4534 4537 4538 4523 4526 4535 4513 4489 4475 4448 4402 4377 4344 4328 4329 4287 4306 4304 4264 4231 4218 4207 4195 4164 4168 4179 4143 4117 4072 4019 3950 3948 3799 3682 3853 3828 3758 3690 3670 3583 2940 2845 2806 2729 2432 1888 1537 1270  948  233   49   55   52   23  -99  -99  -99  -99  -99  -99  -99  -99 
   31  -99  -99  -99  -99  -99  -99  -99  -99  -99  -99  -99  -99  -99  -99  -99  -99  -99  -99  -99  -99  -99  -99  -99  -99  -99  -99  -99  -99  -99  -99  -99  -99  -99 1377 3123 4125 4408 4449 4438 4452 4483 4513 4506 4511 4513 4503 4510 4489 4471 4450 4409 4356 4328 4285 4285 4302 4274 4265 4237 4211 4171 4147 4137 4118 4103 4096 4079 4067 4021 4020 3969 3901 3776 3687 3552 3803 3663 3641 3587 3585 3512 3269 2742 2755 2546 2243 1927 1582  939  263   53   44   13  -99  -99  -99  -99  -99  -99  -99  -99  -99 
   30  -99  -99  -99  -99  -99  -99  -99  -99  -99  -99  -99  -99  -99  -99  -99  -99  -99  -99  -99  -99  -99  -99  -99  -99  -99  -99  -99  -99  -99  -99  -99  -99  170 1838 2939 3952 4319 4361 4345 4373 4444 4488 4488 4491 4495 4496 4484 4477 4470 4442 4413 4367 4315 4282 4260 4262 4237 4230 4198 4173 4120 4099 4112 4069 4050 4045 4020 4012 3975 3955 3928 3876 3744 3625 3569 3762 3660 3517 3512 3453 3445 3423 3203 2792 2378 2166 1875 1380  895  459   73   35  -99  -99  -99  -99  -99  -99  -99  -99  -99  -99 
   29  -99  -99  -99  -99  -99  -99  -99  -99  -99  -99  -99  -99  -99  -99  -99  -99  -99  -99  -99  -99  -99  -99  -99  -99  -99  -99  -99  -99  -99  -99  -99  -99   29 1088 2462 3984 4246 4224 4256 4322 4400 4431 4461 4469 4472 4487 4473 4455 4437 4451 4415 4371 4316 4277 4219 4236 4237 4209 4184 4117 4101 4057 4034 4046 3983 3984 3959 3956 3936 3917 3899 3786 3695 3628 3565 3667 3663 3476 3434 3349 3254 3300 3245 3027 2606 2270 1805 1390  908  503  125   49  -99  -99  -99  -99  -99  -99  -99  -99  -99  -99 
   28  -99  -99  -99  -99  -99  -99  -99  -99  -99  -99  -99  -99  -99  -99  -99  -99  -99  -99  -99  -99  -99  -99  -99  -99  -99  -99  -99  -99  -99  -99  -99  -99  -99 1210 2692 3847 4121 4118 4177 4250 4317 4352 4399 4430 4425 4472 4444 4419 4409 4408 4418 4361 4307 4276 4233 4172 4183 4203 4146 4103 4021 4022 3999 3963 3940 3910 3898 3897 3744 3749 3777 3829 3723 3662 3579 3536 3572 3527 3384 3367 2840 2955 3198 3175 2894 2493 2160 1754 1326  865  396   94   35  -99  -99  -99  -99  -99  -99  -99  -99  -99 
   27  -99  -99  -99  -99  -99  -99  -99  -99  -99  -99  -99  -99  -99  -99  -99  -99  -99  -99  -99  -99  -99  -99  -99  -99  -99  -99  -99  -99  -99  -99  -99  -99  -99  678 2236 3822 3934 4008 4080 4149 4229 4270 4335 4374 4379 4422 4417 4384 4380 4368 4352 4353 4297 4265 4217 4182 4158 4169 4124 4081 4041 3917 3895 3876 3850 3843 3833 3826 3710 3569 3612 3732 3697 3523 3409 3436 3498 3468 3352 3313 3077 2589 2963 3103 2962 2671 2342 2095 1712 1376  784  721  263  -99  -99  -99  -99  -99  -99  -99  -99  -99 
   26  -99  -99  -99  -99  -99  -99  -99  -99  -99  -99  -99  -99  -99  -99  -99  -99  -99  -99  -99  -99  -99  -99  -99  -99  -99  -99  -99  -99  -99  -99  -99  -99  -99  629 2344 3630 3749 3857 3919 4009 4094 4180 4247 4264 4309 4345 4381 4351 4340 4332 4325 4321 4289 4236 4201 4163 4128 4106 4104 4089 4038 3972 3900 3829 3806 3768 3752 3684 3637 3484 3386 3610 3644 3310 3323 3247 3351 3362 3369 3255 3041 2742 2034 2742 2948 2737 2434 2030 1828 1573 1287  911  528   37  -99  -99  -99  -99  -99  -99  -99  -99 
   25  -99  -99  -99  -99  -99  -99  -99  -99  -99  -99  -99  -99  -99  -99  -99  -99  -99  -99  -99  -99  -99  -99  -99  -99  -99  -99  -99  -99  -99  -99  -99  -99  -99  731 2415 3397 3511 3658 3727 3831 3969 4084 4154 4198 4241 4269 4327 4273 4275 4274 4284 4280 4261 4217 4183 4150 4126 4095 4042 4047 3995 3979 3908 3780 3786 3688 3671 3591 3419 3397 3287 3411 3542 3326 3111 3118 3099 3312 3261 3179 2954 2730 2373 2087 2756 2635 2529 2248 2001 1734 1404 1082  720  276  -99  -99  -99  -99  -99  -99  -99  -99 
   24  -99  -99  -99  -99  -99  -99  -99  -99  -99  -99  -99  -99  -99  -99  -99  -99  -99  -99  -99  -99  -99  -99  -99  -99  -99  -99  -99  -99  -99  -99  -99  -99  -99  788 2339 3130 3222 3329 3431 3626 3792 3960 4042 4084 4154 4206 4244 4260 4237 4220 4225 4232 4220 4190 4159 4089 4043 3991 4015 3977 3974 3928 3828 3780 3716 3705 3617 3521 3292 3277 2990 3229 3438 3352 2925 2960 2911 3124 3197 3150 2953 2626 2170 1526 2478 2459 2030 2286 2129 1863 1570 1189  797  315   29  -99  -99  -99  -99  -99  -99  -99 
   23  -99  -99  -99  -99  -99  -99  -99  -99  -99  -99  -99  -99  -99  -99  -99  -99  -99  -99  -99  -99  -99  -99  -99  -99  -99  -99  -99  -99  -99  -99  -99  -99  -99  811 2299 2780 2875 2924 3146 3348 3609 3805 3888 4002 4082 4131 4168 4178 4179 4183 4192 4188 4181 4134 4127 4097 4034 3951 3854 3860 3977 3898 3791 3692 3690 3591 3552 3567 3307 3022 2874 2858 3240 3256 2862 2734 2864 2878 2989 3156 2944 2601 1856 1222 1648 2338 2148 1072  667 1003 1298 1060  810  459   41  -99  -99  -99  -99  -99  -99  -99 
   22  -99  -99  -99  -99  -99  -99  -99  -99  -99  -99  -99  -99  -99  -99  -99  -99  -99  -99  -99  -99  -99  -99  -99  -99  -99  -99  -99  -99  -99  -99  -99  -99  -99  892 2136 2378 2401 2488 2745 3116 3399 3553 3743 3907 3989 4056 4109 4138 4128 4119 4098 4147 4160 4099 4104 4090 4059 4020 3914 3758 3795 3860 3789 3632 3592 3580 3573 3566 3412 2902 2518 2612 2991 3060 2802 2470 2683 2381 2791 2951 2952 2544 1831 1002  783 1301 2123 1847 1563  855  200  802  510   84   58  -99  -99  -99  -99  -99  -99  -99 
   21  -99  -99  -99  -99  -99  -99  -99  -99  -99  -99  -99  -99  -99  -99  -99  -99  -99  -99  -99  -99  -99  -99  -99  -99  -99  -99  -99  -99  -99  -99  -99  -99  -99  819 1774 1722 1808 2023 2381 2733 2952 3096 3525 3780 3905 4010 4026 4057 4054 4046 4021 4097 4075 4049 4071 4092 4035 3974 3899 3891 3694 3784 3760 3660 3451 3470 3474 3459 3434 3226 2836 2424 2652 2834 2746 2183 2439 1714 2565 2794 2662 2730 2467 1359  697  848 1749 1709 1410 1171  336  165  117   77   64  -99  -99  -99  -99  -99  -99  -99 
   20  -99  -99  -99  -99  -99  -99  -99  -99  -99  -99  -99  -99  -99  -99  -99  -99  -99  -99  -99  -99  -99  -99  -99  -99  -99  -99  -99  -99  -99  -99  -99  -99  -99   93 1050  979 1115 1437 1656 2139 2372 2775 3282 3651 3855 3904 3933 4019 3966 3980 3966 4047 3954 4003 4003 3962 4042 3957 3816 3709 3735 3636 3717 3644 3515 3368 3367 3286 3392 3351 2831 2494 2293 2519 2272 2204 1565 1629 2148 2584 2443 2429 2403 2171  978  268  841 1592 1157  795  756  144   97   70   59   17  -99  -99  -99  -99  -99  -99 
   19  -99  -99  -99  -99  -99  -99  -99  -99  -99  -99  -99  -99  -99  -99  -99  -99  -99  -99  -99  -99  -99  -99  -99  -99  -99  -99  -99  -99  -99  -99  -99  -99  -99  -99  -99   12   64  380  803 1318 1936 2542 3143 3582 3746 3779 3841 3897 3874 3872 3906 3968 3849 3870 3901 3860 3918 3933 3825 3658 3581 3495 3619 3560 3487 3402 3197 3177 3246 3245 3193 2672 2024 1693 1311 1154 1046 1370 2058 2421 2243 2201 2167 2227 1246  375  277  870 1131  387  331  136   84   62   61   20  -99  -99  -99  -99  -99  -99 
   18  -99  -99  -99  -99  -99  -99  -99  -99  -99  -99  -99  -99  -99  -99  -99  -99  -99  -99  -99  -99  -99  -99  -99  -99  -99  -99  -99  -99  -99  -99  -99  -99  -99  -99  -99  -99  -99   34  245 1053 1301 2120 2902 3409 3539 3666 3744 3806 3807 3795 3894 3734 3745 3749 3790 3765 3779 3766 3889 3664 3444 3455 3433 3528 3385 3302 3143 3082 2953 3058 3059 2980 2549 2048 1720 1250  829  956 1980 2148 1976 1965 1938 1901 1747 1006  225  401  745  468  136  106   64   61   53   18  -99  -99  -99  -99  -99  -99 
   17  -99  -99  -99  -99  -99  -99  -99  -99  -99  -99  -99  -99  -99  -99  -99  -99  -99  -99  -99  -99  -99  -99  -99  -99  -99  -99  -99  -99  -99  -99  -99  -99  -99  -99  -99  -99  -99  -99   53   23  856 1864 2671 3067 3355 3456 3677 3730 3686 3730 3799 3609 3675 3649 3701 3659 3648 3694 3683 3691 3310 3357 3175 3381 3307 3189 3169 2917 2870 2969 2739 2759 2676 2496 2334 1787 1173  956 1708 1837 1744 1696 1593 1617 1380 1124  638  184  288  268   81   64   59   55   47    3  -99  -99  -99  -99  -99  -99 
   16  -99  -99  -99  -99  -99  -99  -99  -99  -99  -99  -99  -99  -99  -99  -99  -99  -99  -99  -99  -99  -99  -99  -99  -99  -99  -99  -99  -99  -99  -99  -99  -99  -99  -99  119  175  136   67  -99  -99  608 1614 2317 2803 3100 3378 3582 3574 3567 3641 3637 3482 3535 3538 3610 3570 3546 3575 3507 3581 3299 3146 3033 3213 3209 3138 2983 2872 2681 2769 2682 2613 2509 2392 1919 1885 1549  742 1281 1571 1322 1383 1223 1245 1187  678  449  152  129   68   61   57   54   55   29  -99  -99  -99  -99  -99  -99  -99 
   15  -99  -99  -99  -99  -99  -99  -99  -99  -99  -99  -99  -99  -99  -99  -99  -99  -99  -99  -99  -99  -99  -99  -99  -99  -99  -99  -99  -99  -99  -99  -99  -99  -99  199  358  314  323   69  -99  -99  419 1315 2010 2566 2993 3307 3449 3400 3453 3537 3475 3320 3416 3427 3436 3296 3244 3464 3381 3460 3264 2920 2952 3035 3160 3021 2865 2734 2591 2493 2436 2359 2325 2198 1814 1505 1507 1069  915 1287  894 1019  794  805  840  191  152   82   65   60   55   50   50   38   26  -99  -99  -99  -99  -99  -99  -99 
   14  -99  -99  -99  -99  -99  -99  -99  -99  -99  -99  -99  -99  -99  -99  -99  -99  -99  -99  -99  -99  -99  -99  -99  -99  -99  -99  -99  -99  -99  -99  -99  -99  -99  393  542  419  151  -99  -99  -99  225 1251 1670 2577 2838 3079 3247 3262 3288 3370 3218 3170 3228 3081 2707 2544 2640 3060 3023 3255 3145 2765 2790 2748 2880 2754 2668 2588 2357 2176 2170 2085 2053 1960 1817 1321 1056  968  490  951  415  649  334  309  231   75   62   61   55   51   46   44   35   26  -99  -99  -99  -99  -99  -99  -99  -99 
   13  -99  -99  -99  -99  -99  -99  -99  -99  -99  -99  -99  -99  -99  -99  -99  -99  -99  -99  -99  -99  -99  -99  -99  -99  -99  -99  -99  -99  -99  -99  -99  -99  255  578  577  386  -99  -99  -99  -99  102  671 1362 1926 2548 2915 3024 3043 3107 3106 3058 2927 2454 2155 2176 1883 2116 2203 2682 2961 2791 2602 2264 2627 2715 2583 2423 2301 2217 2001 1937 1833 1722 1619 1573 1112  656  815  225  441  138  149   67   60   60   55   52   49   45   44   38   26   25   22  -99  -99  -99  -99  -99  -99  -99  -99 
   12  -99  -99  -99  -99  -99  -99  -99  -99  -99  -99  -99  -99  -99  -99  -99  -99  -99  -99  -99  -99  -99  -99  -99  -99  -99  -99  -99  -99  -99  -99  346  398  510  658  591  227  -99  -99  -99  -99  120  603 1110 1585 2148 2626 2827 2793 2939 2835 2830 2140 1845 1517 1162 1089 1310 1744 2153 2611 2601 2147 2171 2529 2291 2342 2246 2087 1934 1717 1654 1482 1358 1271 1174 1085  501  363  180   63   55   53   51   49   48   45   45   43   41   41   25   21   22  -99  -99  -99  -99  -99  -99  -99  -99  -99 
   11  -99  -99  -99  -99  -99  -99  -99  -99  -99  -99  -99  -99  -99  -99  -99  -99  -99  -99  -99  -99  -99  -99  -99  -99  -99  -99  -99  -99  -99  177  517  635  636  636  556  -99  -99  -99  -99  -99  147  896 1283 1547 2092 2509 2515 2512 2549 2543 2458 1761 1439 1114  720  508  680 1081 1696 2234 1939 1839 1821 2291 2240 1990 1921 1744 1583 1411 1298 1159  958  845  686  658  375  152   27   29   30   43   46   45   45   43   42   38   26   26   22   35  -99  -99  -99  -99  -99  -99  -99  -99  -99  -99 
   10  -99  -99  -99  -99  -99  -99  -99  -99  -99  -99  -99  -99  -99  -99  -99  -99  -99  -99  -99  -99  -99  -99  -99  -99  -99  -99  -99  -99  228  173  333  619  614  576  133  -99  -99  -99  -99  -99   34  602 1231 1550 1977 2113 2176 2234 1705 2067 1947 1407 1096  876  545  460  309  640 1265 1968 1179 1532 1815 2078 1782 1580 1570 1466 1238 1057  853  688  431  218   44   41   51   26   23   25   26   31   42   43   42   41   25   24   22   21   18  -99  -99  -99  -99  -99  -99  -99  -99  -99  -99  -99 
    9  -99  -99  -99  -99  -99  -99  -99  -99  -99  -99  -99  -99  -99  -99  -99  -99  -99  -99  -99  -99  -99  -99  -99  -99  -99  -99  -99  -99  143  292  444  482  401   28  -99  -99  -99  -99  -99  -99  -99  533  835 1437 1640 1787 1802 1815 1482 1284 1480 1379  916  595  499  450  293  410  965 1649 1016 1101 1247 1857 1591 1334 1265 1148  898  620  396   75   36   30   29   28   27   23   21   22   22   23   25   25   23   22   21   20   18  -99  -99  -99  -99  -99  -99  -99  -99  -99  -99  -99  -99  -99 
    8  -99  -99  -99  -99  -99  -99  -99  -99  -99  -99  -99  -99  -99  -99  -99  -99  -99  -99  -99  -99  -99  -99  -99  -99  -99  -99  -99  -99  -99   88  322   15  -99  -99  -99  -99  -99  -99  -99  -99  -99   43  587  875 1079 1229 1280 1424 1246  796  896  924  615  567  433  373  281  247  536 1276 1202  435 1075 1650 1428 1029  838  667  538  118   63   41   30   28   26   27   25   21   20   20   20   19   19   20   19   18   18  -99  -99  -99  -99  -99  -99  -99  -99  -99  -99  -99  -99  -99  -99  -99 
    7  -99  -99  -99  -99  -99  -99  -99  -99  -99  -99  -99  -99  -99  -99  -99  -99  -99  -99  -99  -99  -99  -99  -99  -99  -99  -99  -99  -99  -99  -99  -99  -99  -99  -99  -99  -99  -99  -99  -99  -99  -99  -99   42   57  582  643  889  838  680  344  294  453  272  236  227  192  189  191  225  908  828  278  735 1283  987  830  418  236   79   65   45   26   25   24   26   25   21   18   18   16   16   12   14   11  -99  -99  -99  -99  -99  -99  -99  -99  -99  -99  -99  -99  -99  -99  -99  -99  -99  -99 
    6  -99  -99  -99  -99  -99  -99  -99  -99  -99  -99  -99  -99  -99  -99  -99  -99  -99  -99  -99  -99  -99  -99  -99  -99  -99  -99  -99  -99  -99  -99  -99  -99  -99  -99  -99  -99  -99  -99  -99  -99  -99  -99  -99   29   47   59  298  109   96  102   97  106  114  118  122  131  129  159  168  313  312  177  388  784  689  478   94   65   60   54   25   24   19   18   18   17   16   16  -99  -99  -99  -99  -99  -99  -99  -99  -99  -99  -99  -99  -99  -99  -99  -99  -99  -99  -99  -99  -99  -99  -99  -99 
    5  -99  -99  -99  -99  -99  -99  -99  -99  -99  -99  -99  -99  -99  -99  -99  -99  -99  -99  -99  -99  -99  -99  -99  -99  -99  -99  -99  -99  -99  -99  -99  -99  -99  -99  -99  -99  -99  -99  -99  -99  -99  -99  -99  -99   13   29   50   47   50   57   41   46   62   75   79   89   91   96  104  105  120  115  134  144   86   66   59   59   48   35   24   20   14   12   11  -99  -99  -99  -99  -99  -99  -99  -99  -99  -99  -99  -99  -99  -99  -99  -99  -99  -99  -99  -99  -99  -99  -99  -99  -99  -99  -99 
    4  -99  -99  -99  -99  -99  -99  -99  -99  -99  -99  -99  -99  -99  -99  -99  -99  -99  -99  -99  -99  -99  -99  -99  -99  -99  -99  -99  -99  -99  -99  -99  -99  -99  -99  -99  -99  -99  -99  -99  -99  -99  -99  -99  -99  -99  -99  -99    8   18   23   13   14   24   26   34   49   51   55   59   65   65   65   66   61   55   50   42   40   36   30   23   15  -99  -99  -99  -99  -99  -99  -99  -99  -99  -99  -99  -99  -99  -99  -99  -99  -99  -99  -99  -99  -99  -99  -99  -99  -99  -99  -99  -99  -99  -99 
    3  -99  -99  -99  -99  -99  -99  -99  -99  -99  -99  -99  -99  -99  -99  -99  -99  -99  -99  -99  -99  -99  -99  -99  -99  -99  -99  -99  -99  -99  -99  -99  -99  -99  -99  -99  -99  -99  -99  -99  -99  -99  -99  -99  -99  -99  -99  -99  -99  -99  -99  -99  -99  -99  -99  -99   13   23   25   26   26   26   27   26   27   29   29   29   27   26   28   14  -99  -99  -99  -99  -99  -99  -99  -99  -99  -99  -99  -99  -99  -99  -99  -99  -99  -99  -99  -99  -99  -99  -99  -99  -99  -99  -99  -99  -99  -99  -99 
    2  -99  -99  -99  -99  -99  -99  -99  -99  -99  -99  -99  -99  -99  -99  -99  -99  -99  -99  -99  -99  -99  -99  -99  -99  -99  -99  -99  -99  -99  -99  -99  -99  -99  -99  -99  -99  -99  -99  -99  -99  -99  -99  -99  -99  -99  -99  -99  -99  -99  -99  -99  -99  -99  -99  -99  -99  -99  -99  -99  -99  -99  -99  -99  -99  -99  -99  -99  -99  -99  -99  -99  -99  -99  -99  -99  -99  -99  -99  -99  -99  -99  -99  -99  -99  -99  -99  -99  -99  -99  -99  -99  -99  -99  -99  -99  -99  -99  -99  -99  -99  -99  -99 
