   0.00000000000E+00   0.22522181515E+08   0.00000000000E+00   0.18905518914E+19   0.00000000000E+00   0.00000000000E+00   0.00000000000E+00   0.00000000000E+00   0.00000000000E+00
   0.10000000000E+01   0.22523655390E+08   0.00000000000E+00   0.18905519073E+19   0.37170640929E+10   0.00000000000E+00   0.15429522278E+10  -0.14382826621E+09   0.23084220833E+10
   0.20000000000E+01   0.22525229323E+08   0.00000000000E+00   0.18905518025E+19   0.10522574898E+11   0.00000000000E+00   0.30318910425E+10  -0.28836397241E+09   0.11190684265E+11
   0.30000000000E+01   0.22526376748E+08   0.00000000000E+00   0.18905517695E+19   0.19378622824E+11   0.00000000000E+00   0.53697402520E+10  -0.39709977259E+09   0.32379367163E+11
   0.40000000000E+01   0.22526270841E+08   0.00000000000E+00   0.18905518151E+19   0.28362172111E+11   0.00000000000E+00   0.72907151255E+10  -0.65732242685E+09   0.33995244170E+11
   0.50000000000E+01   0.22524887162E+08   0.00000000000E+00   0.18905517387E+19   0.35362557897E+11   0.00000000000E+00   0.96247757837E+10  -0.90064950992E+09   0.35920650357E+11
   0.60000000000E+01   0.22522569583E+08   0.00000000000E+00   0.18905517315E+19   0.40437063719E+11   0.00000000000E+00   0.11596084825E+11  -0.10457954862E+10   0.37627941651E+11
   0.70000000000E+01   0.22519733656E+08   0.00000000000E+00   0.18905518238E+19   0.44133082160E+11   0.00000000000E+00   0.13212294831E+11  -0.11695413182E+10   0.38991983047E+11
   0.80000000000E+01   0.22516916902E+08   0.00000000000E+00   0.18905518248E+19   0.43914580999E+11   0.00000000000E+00   0.13106041505E+11  -0.12235724791E+10   0.38943882576E+11
   0.90000000000E+01   0.22514235766E+08   0.00000000000E+00   0.18905518075E+19   0.42283366055E+11   0.00000000000E+00   0.10130560389E+11  -0.96317136999E+09   0.36330739772E+11
   0.10000000000E+02   0.22511456258E+08   0.00000000000E+00   0.18905519369E+19   0.39974086854E+11   0.00000000000E+00   0.85385931738E+10  -0.78146269015E+09   0.34858618073E+11
   0.11000000000E+02   0.22508808703E+08   0.00000000000E+00   0.18905520117E+19   0.36869565569E+11   0.00000000000E+00   0.69823384120E+10  -0.67713626660E+09   0.33542960374E+11
   0.12000000000E+02   0.22506278622E+08   0.00000000000E+00   0.18905520270E+19   0.33993359292E+11   0.00000000000E+00   0.48804955830E+10  -0.50326985810E+09   0.31695050108E+11
   0.13000000000E+02   0.22503687073E+08   0.00000000000E+00   0.18905521252E+19   0.30929677847E+11   0.00000000000E+00   0.36068784011E+10  -0.35690248972E+09   0.30548365399E+11
   0.14000000000E+02   0.22501257044E+08   0.00000000000E+00   0.18905521431E+19   0.28390342314E+11   0.00000000000E+00   0.28062051538E+10  -0.27124157742E+09   0.29851861652E+11
   0.15000000000E+02   0.22498985378E+08   0.00000000000E+00   0.18905521494E+19   0.26526929156E+11   0.00000000000E+00   0.19964470882E+10  -0.19898615869E+09   0.29152823748E+11
   0.16000000000E+02   0.22496694278E+08   0.00000000000E+00   0.18905522038E+19   0.24640735999E+11   0.00000000000E+00   0.14468402515E+10  -0.14382325928E+09   0.28681614437E+11
   0.17000000000E+02   0.22494474472E+08   0.00000000000E+00   0.18905521932E+19   0.22941049289E+11   0.00000000000E+00   0.11918221317E+10  -0.11222604007E+09   0.28472965743E+11
   0.18000000000E+02   0.22492334384E+08   0.00000000000E+00   0.18905522153E+19   0.21687470406E+11   0.00000000000E+00   0.10374376116E+10  -0.93173283789E+08   0.28353722562E+11
   0.19000000000E+02   0.22490294005E+08   0.00000000000E+00   0.18905522627E+19   0.20843505948E+11   0.00000000000E+00   0.77536731642E+09  -0.73184786826E+08   0.28149373839E+11
   0.20000000000E+02   0.22488574195E+08   0.00000000000E+00   0.18905522436E+19   0.20337446964E+11   0.00000000000E+00   0.62627778545E+09  -0.60885585727E+08   0.28034656041E+11
   0.21000000000E+02   0.22487449097E+08   0.00000000000E+00   0.18905522148E+19   0.19929034064E+11   0.00000000000E+00   0.68897489029E+09  -0.74428066932E+08   0.28097272397E+11
   0.22000000000E+02   0.22487250905E+08   0.00000000000E+00   0.18905522342E+19   0.19496036936E+11   0.00000000000E+00   0.63166384933E+09  -0.66142780007E+08   0.28095408447E+11
   0.23000000000E+02   0.22488170994E+08   0.00000000000E+00   0.18905522053E+19   0.19531777876E+11   0.00000000000E+00   0.43872166140E+09  -0.42559784660E+08   0.27958079773E+11
   0.24000000000E+02   0.22490275378E+08   0.00000000000E+00   0.18905521564E+19   0.20791501045E+11   0.00000000000E+00   0.47018244636E+09  -0.33982125631E+08   0.28019816304E+11
   0.25000000000E+02   0.22493344582E+08   0.00000000000E+00   0.18905521441E+19   0.22563870498E+11   0.00000000000E+00   0.50429231040E+09  -0.35924930842E+08   0.28063040383E+11
   0.26000000000E+02   0.22496460022E+08   0.00000000000E+00   0.18905520903E+19   0.24968076576E+11   0.00000000000E+00   0.64958245848E+09  -0.43192281290E+08   0.28190450224E+11
   0.27000000000E+02   0.22498773404E+08   0.00000000000E+00   0.18905520594E+19   0.27573338174E+11   0.00000000000E+00   0.93845253991E+09  -0.61932222124E+08   0.28444970846E+11
   0.28000000000E+02   0.22499825854E+08   0.00000000000E+00   0.18905520624E+19   0.29354973801E+11   0.00000000000E+00   0.12053242764E+10  -0.97732929687E+08   0.28649351878E+11
   0.29000000000E+02   0.22499555710E+08   0.00000000000E+00   0.18905520694E+19   0.30399083205E+11   0.00000000000E+00   0.14337110719E+10  -0.13800615796E+09   0.28811274163E+11
   0.30000000000E+02   0.22498304583E+08   0.00000000000E+00   0.18905521190E+19   0.30803224830E+11   0.00000000000E+00   0.16592510530E+10  -0.17790145788E+09   0.28974995273E+11
   0.31000000000E+02   0.22496475527E+08   0.00000000000E+00   0.18905521618E+19   0.30369704831E+11   0.00000000000E+00   0.16897069005E+10  -0.18965539480E+09   0.28987898005E+11
   0.32000000000E+02   0.22494789377E+08   0.00000000000E+00   0.18905521556E+19   0.28364706532E+11   0.00000000000E+00   0.12533058303E+10  -0.16369229882E+09   0.28613839858E+11
   0.33000000000E+02   0.22492877307E+08   0.00000000000E+00   0.18905521989E+19   0.26702668028E+11   0.00000000000E+00   0.64273938986E+09  -0.84917837522E+08   0.28073656938E+11
   0.34000000000E+02   0.22490923596E+08   0.00000000000E+00   0.18905522336E+19   0.26467714319E+11   0.00000000000E+00   0.49423910903E+09  -0.52210415554E+08   0.27948881219E+11
   0.35000000000E+02   0.22489204287E+08   0.00000000000E+00   0.18905522415E+19   0.26590530941E+11   0.00000000000E+00   0.53821038847E+09  -0.50476492394E+08   0.28028878997E+11
   0.36000000000E+02   0.22487371123E+08   0.00000000000E+00   0.18905522576E+19   0.26417900591E+11   0.00000000000E+00   0.46386273737E+09  -0.39570161790E+08   0.28036802654E+11
   0.37000000000E+02   0.22485517432E+08   0.00000000000E+00   0.18905523013E+19   0.25878633134E+11   0.00000000000E+00   0.40528726665E+09  -0.39261481873E+08   0.28034997866E+11
   0.38000000000E+02   0.22483703300E+08   0.00000000000E+00   0.18905522943E+19   0.25366843045E+11   0.00000000000E+00   0.42408018288E+09  -0.45249637480E+08   0.28098398347E+11
   0.39000000000E+02   0.22481933358E+08   0.00000000000E+00   0.18905523013E+19   0.24904139442E+11   0.00000000000E+00   0.35192956486E+09  -0.36281071630E+08   0.28057768814E+11
   0.40000000000E+02   0.22480147466E+08   0.00000000000E+00   0.18905523215E+19   0.24231510819E+11   0.00000000000E+00   0.32369639981E+09  -0.30294836255E+08   0.28041637252E+11
   0.41000000000E+02   0.22478255580E+08   0.00000000000E+00   0.18905523257E+19   0.23726527045E+11   0.00000000000E+00   0.35833757213E+09  -0.32554989412E+08   0.28077330215E+11
   0.42000000000E+02   0.22476221261E+08   0.00000000000E+00   0.18905523467E+19   0.23346926321E+11   0.00000000000E+00   0.46602306135E+09  -0.38817473373E+08   0.28184253424E+11
   0.43000000000E+02   0.22474273566E+08   0.00000000000E+00   0.18905523608E+19   0.22456243248E+11   0.00000000000E+00   0.58610757870E+09  -0.51779657449E+08   0.28283981256E+11
   0.44000000000E+02   0.22472632884E+08   0.00000000000E+00   0.18905523863E+19   0.21096607077E+11   0.00000000000E+00   0.65897653469E+09  -0.63311882557E+08   0.28341804683E+11
   0.45000000000E+02   0.22471583897E+08   0.00000000000E+00   0.18905524147E+19   0.19547515983E+11   0.00000000000E+00   0.67996126306E+09  -0.67720697268E+08   0.28345211119E+11
   0.46000000000E+02   0.22471442212E+08   0.00000000000E+00   0.18905524159E+19   0.17937614170E+11   0.00000000000E+00   0.63610266538E+09  -0.64290990861E+08   0.28319016128E+11
   0.47000000000E+02   0.22472598752E+08   0.00000000000E+00   0.18905523964E+19   0.16441411058E+11   0.00000000000E+00   0.50454138545E+09  -0.49516679485E+08   0.28236570430E+11
   0.48000000000E+02   0.22475153645E+08   0.00000000000E+00   0.18905523996E+19   0.15114250573E+11   0.00000000000E+00   0.37873470251E+09  -0.36281626471E+08   0.28162934436E+11
   0.49000000000E+02   0.22478734181E+08   0.00000000000E+00   0.18905523879E+19   0.14072121980E+11   0.00000000000E+00   0.28518782476E+09  -0.27299000189E+08   0.28114415911E+11
   0.50000000000E+02   0.22482544528E+08   0.00000000000E+00   0.18905523372E+19   0.13346534289E+11   0.00000000000E+00   0.20318239955E+09  -0.20498327540E+08   0.28066915486E+11
   0.51000000000E+02   0.22485646480E+08   0.00000000000E+00   0.18905523185E+19   0.12890834369E+11   0.00000000000E+00   0.15940232023E+09  -0.17796222342E+08   0.28040925792E+11
   0.52000000000E+02   0.22487472247E+08   0.00000000000E+00   0.18905523116E+19   0.12659034251E+11   0.00000000000E+00   0.13830805453E+09  -0.17727251705E+08   0.28035602305E+11
   0.53000000000E+02   0.22487964331E+08   0.00000000000E+00   0.18905522893E+19   0.12586955007E+11   0.00000000000E+00   0.11942442560E+09  -0.16359731799E+08   0.28031925785E+11
   0.54000000000E+02   0.22487452042E+08   0.00000000000E+00   0.18905522868E+19   0.12729218003E+11   0.00000000000E+00   0.12281075142E+09  -0.16712958460E+08   0.28047410901E+11
   0.55000000000E+02   0.22486402311E+08   0.00000000000E+00   0.18905522963E+19   0.13065725966E+11   0.00000000000E+00   0.12223515612E+09  -0.18159722743E+08   0.28051097704E+11
   0.56000000000E+02   0.22485021010E+08   0.00000000000E+00   0.18905523044E+19   0.13650619408E+11   0.00000000000E+00   0.14320164336E+09  -0.19158153772E+08   0.28069769780E+11
   0.57000000000E+02   0.22483415404E+08   0.00000000000E+00   0.18905523109E+19   0.14608904048E+11   0.00000000000E+00   0.19719946293E+09  -0.21898987638E+08   0.28121156165E+11
   0.58000000000E+02   0.22481705734E+08   0.00000000000E+00   0.18905523084E+19   0.15585286178E+11   0.00000000000E+00   0.24317217413E+09  -0.25272391480E+08   0.28152355188E+11
   0.59000000000E+02   0.22479902792E+08   0.00000000000E+00   0.18905523203E+19   0.16520641984E+11   0.00000000000E+00   0.25953450194E+09  -0.26038263467E+08   0.28151147129E+11
   0.60000000000E+02   0.22478011426E+08   0.00000000000E+00   0.18905523430E+19   0.17472026218E+11   0.00000000000E+00   0.30277839644E+09  -0.27874101773E+08   0.28172737782E+11
   0.61000000000E+02   0.22476063453E+08   0.00000000000E+00   0.18905523481E+19   0.18265197745E+11   0.00000000000E+00   0.33800182909E+09  -0.29913048471E+08   0.28188118511E+11
   0.62000000000E+02   0.22474168311E+08   0.00000000000E+00   0.18905523496E+19   0.18544214004E+11   0.00000000000E+00   0.38299296608E+09  -0.37895143061E+08   0.28208697496E+11
   0.63000000000E+02   0.22472325483E+08   0.00000000000E+00   0.18905523779E+19   0.18378405202E+11   0.00000000000E+00   0.37790669438E+09  -0.40563537523E+08   0.28195587678E+11
   0.64000000000E+02   0.22470454893E+08   0.00000000000E+00   0.18905523923E+19   0.17998875342E+11   0.00000000000E+00   0.30934813818E+09  -0.30907588934E+08   0.28148560073E+11
   0.65000000000E+02   0.22468607483E+08   0.00000000000E+00   0.18905523908E+19   0.17453362967E+11   0.00000000000E+00   0.27998842428E+09  -0.24727509104E+08   0.28131153994E+11
   0.66000000000E+02   0.22466798716E+08   0.00000000000E+00   0.18905524131E+19   0.16749922368E+11   0.00000000000E+00   0.27833426713E+09  -0.26307256845E+08   0.28140295835E+11
   0.67000000000E+02   0.22465084173E+08   0.00000000000E+00   0.18905524442E+19   0.15984250709E+11   0.00000000000E+00   0.23751994198E+09  -0.21924667264E+08   0.28117179914E+11
   0.68000000000E+02   0.22463685254E+08   0.00000000000E+00   0.18905524631E+19   0.15254526649E+11   0.00000000000E+00   0.21382472331E+09  -0.19511444155E+08   0.28104876972E+11
   0.69000000000E+02   0.22462890067E+08   0.00000000000E+00   0.18905524703E+19   0.14616481743E+11   0.00000000000E+00   0.19757863765E+09  -0.19508954705E+08   0.28092217187E+11
   0.70000000000E+02   0.22463075233E+08   0.00000000000E+00   0.18905524729E+19   0.14014201438E+11   0.00000000000E+00   0.15258811337E+09  -0.18131083813E+08   0.28063489833E+11
   0.71000000000E+02   0.22464539579E+08   0.00000000000E+00   0.18905524575E+19   0.13297559555E+11   0.00000000000E+00   0.13482099896E+09  -0.18197855170E+08   0.28050361679E+11
   0.72000000000E+02   0.22467322037E+08   0.00000000000E+00   0.18905524305E+19   0.12664359306E+11   0.00000000000E+00   0.18193017671E+09  -0.23628878836E+08   0.28104721193E+11
   0.73000000000E+02   0.22471105608E+08   0.00000000000E+00   0.18905523792E+19   0.12433862146E+11   0.00000000000E+00   0.20748555041E+09  -0.29045792703E+08   0.28129428429E+11
   0.74000000000E+02   0.22474992531E+08   0.00000000000E+00   0.18905523348E+19   0.12635737319E+11   0.00000000000E+00   0.27631137307E+09  -0.36520042403E+08   0.28183965737E+11
   0.75000000000E+02   0.22478084714E+08   0.00000000000E+00   0.18905523141E+19   0.13329621625E+11   0.00000000000E+00   0.41299628096E+09  -0.48612060577E+08   0.28299935273E+11
   0.76000000000E+02   0.22479914200E+08   0.00000000000E+00   0.18905522763E+19   0.14381622961E+11   0.00000000000E+00   0.51016681995E+09  -0.62400834644E+08   0.28364992345E+11
   0.77000000000E+02   0.22480402639E+08   0.00000000000E+00   0.18905522438E+19   0.15979479547E+11   0.00000000000E+00   0.69369327959E+09  -0.75991210169E+08   0.28500194189E+11
   0.78000000000E+02   0.22479890341E+08   0.00000000000E+00   0.18905522511E+19   0.17856858082E+11   0.00000000000E+00   0.95511867872E+09  -0.94219192825E+08   0.28709624891E+11
   0.79000000000E+02   0.22478829017E+08   0.00000000000E+00   0.18905522526E+19   0.19510264736E+11   0.00000000000E+00   0.11218592257E+10  -0.11777545828E+09   0.28813904859E+11
   0.80000000000E+02   0.22477499092E+08   0.00000000000E+00   0.18905522535E+19   0.20427386982E+11   0.00000000000E+00   0.12582869270E+10  -0.14283391741E+09   0.28895038392E+11
   0.81000000000E+02   0.22476061241E+08   0.00000000000E+00   0.18905522671E+19   0.20640819619E+11   0.00000000000E+00   0.12529335344E+10  -0.15295501626E+09   0.28864276929E+11
   0.82000000000E+02   0.22474525098E+08   0.00000000000E+00   0.18905522876E+19   0.20429729961E+11   0.00000000000E+00   0.12153502327E+10  -0.14830451137E+09   0.28837786200E+11
   0.83000000000E+02   0.22472941603E+08   0.00000000000E+00   0.18905523046E+19   0.19806650283E+11   0.00000000000E+00   0.10147944493E+10  -0.12834233281E+09   0.28679499178E+11
   0.84000000000E+02   0.22471343636E+08   0.00000000000E+00   0.18905523178E+19   0.18918248812E+11   0.00000000000E+00   0.76435956161E+09  -0.10134964787E+09   0.28475818986E+11
   0.85000000000E+02   0.22469690351E+08   0.00000000000E+00   0.18905523416E+19   0.17853943819E+11   0.00000000000E+00   0.60071797270E+09  -0.75975103903E+08   0.28357693944E+11
   0.86000000000E+02   0.22468026122E+08   0.00000000000E+00   0.18905523704E+19   0.16815159367E+11   0.00000000000E+00   0.50972512782E+09  -0.60480354288E+08   0.28302144164E+11
   0.87000000000E+02   0.22466387292E+08   0.00000000000E+00   0.18905523892E+19   0.15865360729E+11   0.00000000000E+00   0.44446330534E+09  -0.51666458590E+08   0.28264825131E+11
   0.88000000000E+02   0.22464757579E+08   0.00000000000E+00   0.18905524008E+19   0.14986319574E+11   0.00000000000E+00   0.41346089233E+09  -0.48412729915E+08   0.28249287896E+11
   0.89000000000E+02   0.22463158899E+08   0.00000000000E+00   0.18905524267E+19   0.14230672268E+11   0.00000000000E+00   0.40288416732E+09  -0.48893870140E+08   0.28250591270E+11
   0.90000000000E+02   0.22461605451E+08   0.00000000000E+00   0.18905524503E+19   0.13575283404E+11   0.00000000000E+00   0.40752106548E+09  -0.50430816162E+08   0.28262517495E+11
   0.91000000000E+02   0.22460145455E+08   0.00000000000E+00   0.18905524523E+19   0.13151422151E+11   0.00000000000E+00   0.40989188907E+09  -0.51777932066E+08   0.28269583944E+11
   0.92000000000E+02   0.22459101375E+08   0.00000000000E+00   0.18905524591E+19   0.12853374275E+11   0.00000000000E+00   0.38150015346E+09  -0.53438599040E+08   0.28244899492E+11
   0.93000000000E+02   0.22458735934E+08   0.00000000000E+00   0.18905524695E+19   0.12543635124E+11   0.00000000000E+00   0.30210470953E+09  -0.48314887628E+08   0.28164761712E+11
   0.94000000000E+02   0.22459347880E+08   0.00000000000E+00   0.18905524600E+19   0.12230027167E+11   0.00000000000E+00   0.25483676462E+09  -0.45815590441E+08   0.28132069281E+11
   0.95000000000E+02   0.22461289061E+08   0.00000000000E+00   0.18905524332E+19   0.11998638236E+11   0.00000000000E+00   0.20835751708E+09  -0.42287245693E+08   0.28099975260E+11
   0.96000000000E+02   0.22464634266E+08   0.00000000000E+00   0.18905524053E+19   0.11774657116E+11   0.00000000000E+00   0.19797994768E+09  -0.42170915549E+08   0.28100273132E+11
   0.97000000000E+02   0.22469021131E+08   0.00000000000E+00   0.18905523716E+19   0.11477204466E+11   0.00000000000E+00   0.14759783282E+09  -0.40367094625E+08   0.28067293661E+11
   0.98000000000E+02   0.22473586670E+08   0.00000000000E+00   0.18905523286E+19   0.11258431677E+11   0.00000000000E+00   0.10900649410E+09  -0.38825248544E+08   0.28041691540E+11
   0.99000000000E+02   0.22477448194E+08   0.00000000000E+00   0.18905522911E+19   0.11158165964E+11   0.00000000000E+00   0.89049499562E+08  -0.41072734822E+08   0.28033429585E+11
   0.10000000000E+03   0.22480078667E+08   0.00000000000E+00   0.18905522666E+19   0.11055130894E+11   0.00000000000E+00   0.75052595664E+08  -0.42953828726E+08   0.28027765804E+11
   0.10100000000E+03   0.22481461171E+08   0.00000000000E+00   0.18905522534E+19   0.11090126513E+11   0.00000000000E+00   0.90671420516E+08  -0.47693743530E+08   0.28044461914E+11
   0.10200000000E+03   0.22481905227E+08   0.00000000000E+00   0.18905522442E+19   0.11345983024E+11   0.00000000000E+00   0.20080252422E+09  -0.57013519366E+08   0.28146092162E+11
   0.10300000000E+03   0.22481760103E+08   0.00000000000E+00   0.18905522356E+19   0.11581635610E+11   0.00000000000E+00   0.23093274562E+09  -0.61237409033E+08   0.28168359786E+11
   0.10400000000E+03   0.22481275017E+08   0.00000000000E+00   0.18905522494E+19   0.11596766907E+11   0.00000000000E+00   0.22950392130E+09  -0.61635780065E+08   0.28155966376E+11
   0.10500000000E+03   0.22480580714E+08   0.00000000000E+00   0.18905522608E+19   0.11520504029E+11   0.00000000000E+00   0.21135777890E+09  -0.55931741798E+08   0.28125478671E+11
   0.10600000000E+03   0.22479788713E+08   0.00000000000E+00   0.18905522557E+19   0.11233214707E+11   0.00000000000E+00   0.20952540682E+09  -0.54266970067E+08   0.28116588741E+11
   0.10700000000E+03   0.22478877390E+08   0.00000000000E+00   0.18905522592E+19   0.10943729909E+11   0.00000000000E+00   0.14260325384E+09  -0.44776736291E+08   0.28055635993E+11
   0.10800000000E+03   0.22477845901E+08   0.00000000000E+00   0.18905522750E+19   0.10738996539E+11   0.00000000000E+00   0.10503925052E+09  -0.35880161017E+08   0.28022094755E+11
   0.10900000000E+03   0.22476764263E+08   0.00000000000E+00   0.18905522831E+19   0.10702234578E+11   0.00000000000E+00   0.11034967529E+09  -0.32079019406E+08   0.28031579312E+11
   0.11000000000E+03   0.22475650028E+08   0.00000000000E+00   0.18905522872E+19   0.10673030385E+11   0.00000000000E+00   0.12953403734E+09  -0.28617060546E+08   0.28055378056E+11
   0.11100000000E+03   0.22474475035E+08   0.00000000000E+00   0.18905522987E+19   0.10614249409E+11   0.00000000000E+00   0.12922697682E+09  -0.23432776699E+08   0.28062509087E+11
   0.11200000000E+03   0.22473287945E+08   0.00000000000E+00   0.18905523195E+19   0.10497936796E+11   0.00000000000E+00   0.10938076022E+09  -0.21865464885E+08   0.28048203687E+11
   0.11300000000E+03   0.22472103372E+08   0.00000000000E+00   0.18905523386E+19   0.10468308168E+11   0.00000000000E+00   0.72708759914E+08  -0.19069417007E+08   0.28018414582E+11
   0.11400000000E+03   0.22470930147E+08   0.00000000000E+00   0.18905523418E+19   0.10353101409E+11   0.00000000000E+00   0.83615656479E+08  -0.21419356688E+08   0.28030105539E+11
   0.11500000000E+03   0.22469853007E+08   0.00000000000E+00   0.18905523530E+19   0.10198133751E+11   0.00000000000E+00   0.68911961066E+08  -0.20742992496E+08   0.28017972658E+11
   0.11600000000E+03   0.22469072695E+08   0.00000000000E+00   0.18905523701E+19   0.99908011022E+10   0.00000000000E+00   0.82205233125E+08  -0.22637503088E+08   0.28027906760E+11
   0.11700000000E+03   0.22468875991E+08   0.00000000000E+00   0.18905523636E+19   0.97591904268E+10   0.00000000000E+00   0.77912508844E+08  -0.25142623100E+08   0.28021890522E+11
   0.11800000000E+03   0.22469671383E+08   0.00000000000E+00   0.18905523452E+19   0.94826529188E+10   0.00000000000E+00   0.64415728505E+08  -0.27650635667E+08   0.28009691706E+11
   0.11900000000E+03   0.22471821960E+08   0.00000000000E+00   0.18905523341E+19   0.92420307515E+10   0.00000000000E+00   0.54906964257E+08  -0.29886441230E+08   0.28001867233E+11
   0.12000000000E+03   0.22475389020E+08   0.00000000000E+00   0.18905523064E+19   0.89843589045E+10   0.00000000000E+00   0.56538885503E+08  -0.32965842830E+08   0.28006771453E+11
   0.12100000000E+03   0.22479980905E+08   0.00000000000E+00   0.18905522525E+19   0.87137586729E+10   0.00000000000E+00   0.55898702376E+08  -0.37026508800E+08   0.28009913033E+11
   0.12200000000E+03   0.22484759188E+08   0.00000000000E+00   0.18905522009E+19   0.84714385527E+10   0.00000000000E+00   0.56267139468E+08  -0.40965373295E+08   0.28013931273E+11
   0.12300000000E+03   0.22488865680E+08   0.00000000000E+00   0.18905521714E+19   0.83052852152E+10   0.00000000000E+00   0.49685224015E+08  -0.48163618717E+08   0.28010339153E+11
   0.12400000000E+03   0.22491735176E+08   0.00000000000E+00   0.18905521405E+19   0.82784702214E+10   0.00000000000E+00   0.45715589136E+08  -0.53423242155E+08   0.28009859410E+11
   0.12500000000E+03   0.22493305120E+08   0.00000000000E+00   0.18905521132E+19   0.82949216851E+10   0.00000000000E+00   0.60259334831E+08  -0.55853747844E+08   0.28026485573E+11
   0.12600000000E+03   0.22493980853E+08   0.00000000000E+00   0.18905521091E+19   0.85123649550E+10   0.00000000000E+00   0.78905109183E+08  -0.61762666784E+08   0.28044766868E+11
   0.12700000000E+03   0.22494068345E+08   0.00000000000E+00   0.18905521142E+19   0.87857673481E+10   0.00000000000E+00   0.94837328156E+08  -0.62299399838E+08   0.28060951199E+11
   0.12800000000E+03   0.22493832761E+08   0.00000000000E+00   0.18905521167E+19   0.89919710652E+10   0.00000000000E+00   0.97096827466E+08  -0.59779353639E+08   0.28060170521E+11
   0.12900000000E+03   0.22493431549E+08   0.00000000000E+00   0.18905521127E+19   0.91727757542E+10   0.00000000000E+00   0.10280893684E+09  -0.58519659389E+08   0.28060130171E+11
   0.13000000000E+03   0.22492922564E+08   0.00000000000E+00   0.18905521207E+19   0.94006646214E+10   0.00000000000E+00   0.99433070098E+08  -0.54622821436E+08   0.28051562536E+11
   0.13100000000E+03   0.22492302529E+08   0.00000000000E+00   0.18905521380E+19   0.95002068180E+10   0.00000000000E+00   0.81941125417E+08  -0.49684471834E+08   0.28032204883E+11
   0.13200000000E+03   0.22491552704E+08   0.00000000000E+00   0.18905521352E+19   0.94698339026E+10   0.00000000000E+00   0.72720919875E+08  -0.43107476720E+08   0.28016553037E+11
   0.13300000000E+03   0.22490724840E+08   0.00000000000E+00   0.18905521313E+19   0.94605553371E+10   0.00000000000E+00   0.63559317858E+08  -0.39570943306E+08   0.28005140153E+11
   0.13400000000E+03   0.22489845714E+08   0.00000000000E+00   0.18905521398E+19   0.93303373402E+10   0.00000000000E+00   0.92122701282E+08  -0.36519054117E+08   0.28028357597E+11
   0.13500000000E+03   0.22488919170E+08   0.00000000000E+00   0.18905521458E+19   0.92345610349E+10   0.00000000000E+00   0.56851038312E+08  -0.31077834860E+08   0.27996501360E+11
   0.13600000000E+03   0.22487970421E+08   0.00000000000E+00   0.18905521475E+19   0.92413114572E+10   0.00000000000E+00   0.59674128174E+08  -0.28696664155E+08   0.28000328658E+11
   0.13700000000E+03   0.22487027276E+08   0.00000000000E+00   0.18905521567E+19   0.91635497926E+10   0.00000000000E+00   0.15880042449E+09  -0.39084282086E+08   0.28086186961E+11
   0.13800000000E+03   0.22486105654E+08   0.00000000000E+00   0.18905521711E+19   0.90837310101E+10   0.00000000000E+00   0.77021641120E+08  -0.31622729493E+08   0.28023712594E+11
   0.13900000000E+03   0.22485278373E+08   0.00000000000E+00   0.18905521832E+19   0.89863593227E+10   0.00000000000E+00   0.58741969282E+08  -0.29858927660E+08   0.28005242307E+11
   0.14000000000E+03   0.22484744217E+08   0.00000000000E+00   0.18905521847E+19   0.88276818345E+10   0.00000000000E+00   0.62584375324E+08  -0.30221027582E+08   0.28010157891E+11
   0.14100000000E+03   0.22484784736E+08   0.00000000000E+00   0.18905521822E+19   0.87307244929E+10   0.00000000000E+00   0.41823346426E+08  -0.29711750935E+08   0.27992572471E+11
   0.14200000000E+03   0.22485809818E+08   0.00000000000E+00   0.18905521821E+19   0.86606114753E+10   0.00000000000E+00   0.33273358823E+08  -0.31813703826E+08   0.27988157818E+11
   0.14300000000E+03   0.22488196149E+08   0.00000000000E+00   0.18905521596E+19   0.84955521079E+10   0.00000000000E+00   0.29564727514E+08  -0.35729451320E+08   0.27988276563E+11
   0.14400000000E+03   0.22492039886E+08   0.00000000000E+00   0.18905521170E+19   0.83083926909E+10   0.00000000000E+00   0.31397143891E+08  -0.41693057472E+08   0.27996052039E+11
   0.14500000000E+03   0.22496930984E+08   0.00000000000E+00   0.18905520703E+19   0.81908024404E+10   0.00000000000E+00   0.35180693566E+08  -0.48061951019E+08   0.28002215264E+11
   0.14600000000E+03   0.22502056056E+08   0.00000000000E+00   0.18905520211E+19   0.82047951055E+10   0.00000000000E+00   0.64415800806E+08  -0.57769805594E+08   0.28026942286E+11
   0.14700000000E+03   0.22506507508E+08   0.00000000000E+00   0.18905519727E+19   0.85218213747E+10   0.00000000000E+00   0.16048129156E+09  -0.67081274921E+08   0.28113251925E+11
   0.14800000000E+03   0.22509656128E+08   0.00000000000E+00   0.18905519338E+19   0.90875179757E+10   0.00000000000E+00   0.18680290736E+09  -0.72978562816E+08   0.28130828602E+11
   0.14900000000E+03   0.22511557629E+08   0.00000000000E+00   0.18905519065E+19   0.10256843150E+11   0.00000000000E+00   0.31510372272E+09  -0.79861833615E+08   0.28221012725E+11
   0.15000000000E+03   0.22512550979E+08   0.00000000000E+00   0.18905518961E+19   0.12084501307E+11   0.00000000000E+00   0.61339187310E+09  -0.98835929397E+08   0.28451026569E+11
   0.15100000000E+03   0.22512893446E+08   0.00000000000E+00   0.18905518806E+19   0.13912925241E+11   0.00000000000E+00   0.77546641997E+09  -0.11824840086E+09   0.28530875338E+11
   0.15200000000E+03   0.22512817151E+08   0.00000000000E+00   0.18905518831E+19   0.14854064402E+11   0.00000000000E+00   0.78220049699E+09  -0.12945839389E+09   0.28495801578E+11
   0.15300000000E+03   0.22512506296E+08   0.00000000000E+00   0.18905518895E+19   0.15110811831E+11   0.00000000000E+00   0.58282937400E+09  -0.11835037164E+09   0.28285311972E+11
   0.15400000000E+03   0.22512063283E+08   0.00000000000E+00   0.18905518965E+19   0.15057605036E+11   0.00000000000E+00   0.54929513240E+09  -0.10829298869E+09   0.28250304688E+11
   0.15500000000E+03   0.22511487033E+08   0.00000000000E+00   0.18905518966E+19   0.14752069894E+11   0.00000000000E+00   0.56737422284E+09  -0.10940304597E+09   0.28277485757E+11
   0.15600000000E+03   0.22510806584E+08   0.00000000000E+00   0.18905519019E+19   0.14288317217E+11   0.00000000000E+00   0.49345378060E+09  -0.98234028470E+08   0.28229835475E+11
   0.15700000000E+03   0.22510068667E+08   0.00000000000E+00   0.18905519197E+19   0.13558687450E+11   0.00000000000E+00   0.42181282120E+09  -0.86580134164E+08   0.28179325232E+11
   0.15800000000E+03   0.22509276159E+08   0.00000000000E+00   0.18905519345E+19   0.12785791008E+11   0.00000000000E+00   0.32689497051E+09  -0.73203541020E+08   0.28110329208E+11
   0.15900000000E+03   0.22508435883E+08   0.00000000000E+00   0.18905519401E+19   0.12072471795E+11   0.00000000000E+00   0.23254060130E+09  -0.60044123188E+08   0.28037632781E+11
   0.16000000000E+03   0.22507574704E+08   0.00000000000E+00   0.18905519593E+19   0.11341992967E+11   0.00000000000E+00   0.18158669668E+09  -0.51617924867E+08   0.28009793622E+11
   0.16100000000E+03   0.22506732042E+08   0.00000000000E+00   0.18905519780E+19   0.10525257395E+11   0.00000000000E+00   0.17530620518E+09  -0.48499640543E+08   0.28021299821E+11
   0.16200000000E+03   0.22505948849E+08   0.00000000000E+00   0.18905519835E+19   0.97511112952E+10   0.00000000000E+00   0.21180306409E+09  -0.49666038744E+08   0.28078430532E+11
   0.16300000000E+03   0.22505286008E+08   0.00000000000E+00   0.18905519857E+19   0.91979844776E+10   0.00000000000E+00   0.22456997957E+09  -0.50419198549E+08   0.28106388466E+11
   0.16400000000E+03   0.22504918840E+08   0.00000000000E+00   0.18905520014E+19   0.89019371087E+10   0.00000000000E+00   0.18712725621E+09  -0.49768463629E+08   0.28085064726E+11
   0.16500000000E+03   0.22505140822E+08   0.00000000000E+00   0.18905520019E+19   0.87351648605E+10   0.00000000000E+00   0.12230357385E+09  -0.45673092506E+08   0.28026966833E+11
   0.16600000000E+03   0.22506332611E+08   0.00000000000E+00   0.18905519870E+19   0.85984627028E+10   0.00000000000E+00   0.10625530622E+09  -0.46646376009E+08   0.28021631269E+11
   0.16700000000E+03   0.22508850571E+08   0.00000000000E+00   0.18905519575E+19   0.85279434246E+10   0.00000000000E+00   0.12835190623E+09  -0.52121136248E+08   0.28047145879E+11
   0.16800000000E+03   0.22512798166E+08   0.00000000000E+00   0.18905519248E+19   0.84749146009E+10   0.00000000000E+00   0.11686490917E+09  -0.58024073722E+08   0.28053304539E+11
   0.16900000000E+03   0.22517767958E+08   0.00000000000E+00   0.18905518761E+19   0.85462390709E+10   0.00000000000E+00   0.10999428271E+09  -0.60140295132E+08   0.28050943011E+11
   0.17000000000E+03   0.22522943895E+08   0.00000000000E+00   0.18905518071E+19   0.89541061266E+10   0.00000000000E+00   0.17058421882E+09  -0.65515804319E+08   0.28104229626E+11
   0.17100000000E+03   0.22527418692E+08   0.00000000000E+00   0.18905517578E+19   0.98151011143E+10   0.00000000000E+00   0.33839257606E+09  -0.74899101002E+08   0.28260074335E+11
   0.17200000000E+03   0.22530569036E+08   0.00000000000E+00   0.18905517287E+19   0.10848763499E+11   0.00000000000E+00   0.38007222697E+09  -0.81320312379E+08   0.28281396039E+11
   0.17300000000E+03   0.22532476001E+08   0.00000000000E+00   0.18905516952E+19   0.12540037192E+11   0.00000000000E+00   0.60929585246E+09  -0.93334585007E+08   0.28447141767E+11
