Depths to top of layers in Si3D Grid. File created on 2022-05-07 11:48 AM PST
** used if ibathyf in si3d_inp.txt is set to < 0
------------------------------------------------------
   km1   =        451
      1.00  -100.0000 
      2.00  -100.0000 
      3.00     7.1295 
      4.00     7.3610 
      5.00     6.9360 
      6.00     6.8950 
      7.00     6.6875 
      8.00     6.8140 
      9.00     6.5197 
     10.00     6.6890 
     11.00     6.4075 
     12.00     6.3700 
     13.00     6.4140 
     14.00     6.3193 
     15.00     6.2765 
     16.00     6.2585 
     17.00     6.2345 
     18.00     6.2690 
     19.00     6.1865 
     20.00     6.1776 
     21.00     6.1687 
     22.00     6.1700 
     23.00     6.0760 
     24.00     6.1540 
     25.00     6.0585 
     26.00     6.0395 
     27.00     6.0417 
     28.00     6.0340 
     29.00     5.9373 
     30.00     5.9790 
     31.00     5.9350 
     32.00     5.9197 
     33.00     5.8590 
     34.00     5.9170 
     35.00     5.8493 
     36.00     5.8940 
     37.00     5.8415 
     38.00     5.8280 
     39.00     5.8085 
     40.00     5.8115 
     41.00     5.7543 
     42.00     5.7810 
     43.00     5.7305 
     44.00     5.7480 
     45.00     5.7057 
     46.00     5.7250 
     47.00     5.6770 
     48.00     5.6993 
     49.00     5.6830 
     50.00     5.7080 
     51.00     5.6660 
     52.00     5.6780 
     53.00     5.6555 
     54.00     5.6480 
     55.00     5.6517 
     56.00     5.6580 
     57.00     5.6373 
     58.00     5.6550 
     59.00     5.6405 
     60.00     5.6395 
     61.00     5.6393 
     62.00     5.6420 
     63.00     5.6260 
     64.00     5.6353 
     65.00     5.6310 
     66.00     5.6300 
     67.00     5.6295 
     68.00     5.6310 
     69.00     5.6298 
     70.00     5.6287 
     71.00     5.6260 
     72.00     5.6260 
     73.00     5.6255 
     74.00     5.6255 
     75.00     5.6245 
     76.00     5.6310 
     77.00     5.6253 
     78.00     5.6215 
     79.00     5.6205 
     80.00     5.6190 
     81.00     5.6175 
     82.00     5.6230 
     83.00     5.6157 
     84.00     5.6125 
     85.00     5.6120 
     86.00     5.6115 
     87.00     5.6110 
     88.00     5.6180 
     89.00     5.6083 
     90.00     5.6155 
     91.00     5.6075 
     92.00     5.6070 
     93.00     5.6080 
     94.00     5.6100 
     95.00     5.6017 
     96.00     5.6040 
     97.00     5.5947 
     98.00     5.5990 
     99.00     5.5915 
    100.00     5.5883 
    101.00     5.5815 
    102.00     5.5750 
    103.00     5.5773 
    104.00     5.5730 
    105.00     5.5715 
    106.00     5.5700 
    107.00     5.5690 
    108.00     5.5680 
    109.00     5.5667 
    110.00     5.5670 
    111.00     5.5640 
    112.00     5.5620 
    113.00     5.5600 
    114.00     5.5580 
    115.00     5.5570 
    116.00     5.5555 
    117.00     5.5535 
    118.00     5.5550 
    119.00     5.5523 
    120.00     5.5475 
    121.00     5.5430 
    122.00     5.5380 
    123.00     5.5410 
    124.00     5.5267 
    125.00     5.5345 
    126.00     5.5125 
    127.00     5.5075 
    128.00     5.5020 
    129.00     5.5043 
    130.00     5.4750 
    131.00     5.5170 
    132.00     5.4932 
    133.00     5.5080 
    134.00     5.4885 
    135.00     5.4893 
    136.00     5.4840 
    137.00     5.4830 
    138.00     5.4815 
    139.00     5.4805 
    140.00     5.4795 
    141.00     5.4910 
    142.00     5.4777 
    143.00     5.4725 
    144.00     5.4680 
    145.00     5.4630 
    146.00     5.4613 
    147.00     5.4480 
    148.00     5.4645 
    149.00     5.4520 
    150.00     5.4610 
    151.00     5.4517 
    152.00     5.4615 
    153.00     5.4540 
    154.00     5.4490 
    155.00     5.4420 
    156.00     5.4390 
    157.00     5.4350 
    158.00     5.4390 
    159.00     5.4325 
    160.00     5.4327 
    161.00     5.4275 
    162.00     5.4230 
    163.00     5.4205 
    164.00     5.4187 
    165.00     5.4140 
    166.00     5.4077 
    167.00     5.4080 
    168.00     5.4037 
    169.00     5.4080 
    170.00     5.4047 
    171.00     5.4015 
    172.00     5.4000 
    173.00     5.3970 
    174.00     5.3933 
    175.00     5.3915 
    176.00     5.3840 
    177.00     5.3855 
    178.00     5.3840 
    179.00     5.3775 
    180.00     5.3723 
    181.00     5.3700 
    182.00     5.3680 
    183.00     5.3675 
    184.00     5.3670 
    185.00     5.3660 
    186.00     5.3670 
    187.00     5.3645 
    188.00     5.3640 
    189.00     5.3630 
    190.00     5.3627 
    191.00     5.3600 
    192.00     5.3600 
    193.00     5.3585 
    194.00     5.3587 
    195.00     5.3590 
    196.00     5.3567 
    197.00     5.3580 
    198.00     5.3565 
    199.00     5.3570 
    200.00     5.3565 
    201.00     5.3560 
    202.00     5.3560 
    203.00     5.3555 
    204.00     5.3553 
    205.00     5.3535 
    206.00     5.3520 
    207.00     5.3475 
    208.00     5.3427 
    209.00     5.3380 
    210.00     5.3365 
    211.00     5.3210 
    212.00     5.3307 
    213.00     5.3345 
    214.00     5.3335 
    215.00     5.3290 
    216.00     5.3247 
    217.00     5.3265 
    218.00     5.3265 
    219.00     5.3265 
    220.00     5.3243 
    221.00     5.3250 
    222.00     5.3210 
    223.00     5.3235 
    224.00     5.3200 
    225.00     5.3203 
    226.00     5.3190 
    227.00     5.3183 
    228.00     5.3160 
    229.00     5.3167 
    230.00     5.3130 
    231.00     5.3135 
    232.00     5.3120 
    233.00     5.3125 
    234.00     5.3127 
    235.00     5.3105 
    236.00     5.3140 
    237.00     5.2987 
    238.00     5.3055 
    239.00     5.2900 
    240.00     5.2980 
    241.00     5.2850 
    242.00     5.2870 
    243.00     5.2815 
    244.00     5.2800 
    245.00     5.2807 
    246.00     5.2785 
    247.00     5.2765 
    248.00     5.2757 
    249.00     5.2720 
    250.00     5.2700 
    251.00     5.2697 
    252.00     5.2710 
    253.00     5.2650 
    254.00     5.2680 
    255.00     5.2610 
    256.00     5.2660 
    257.00     5.2593 
    258.00     5.2640 
    259.00     5.2575 
    260.00     5.2550 
    261.00     5.2570 
    262.00     5.2553 
    263.00     5.2525 
    264.00     5.2510 
    265.00     5.2475 
    266.00     5.2453 
    267.00     5.2410 
    268.00     5.2370 
    269.00     5.2350 
    270.00     5.2353 
    271.00     5.2295 
    272.00     5.2275 
    273.00     5.2260 
    274.00     5.2273 
    275.00     5.2310 
    276.00     5.2237 
    277.00     5.2310 
    278.00     5.2235 
    279.00     5.2290 
    280.00     5.2220 
    281.00     5.2173 
    282.00     5.2220 
    283.00     5.2178 
    284.00     5.2200 
    285.00     5.2170 
    286.00     5.2170 
    287.00     5.2173 
    288.00     5.2155 
    289.00     5.2155 
    290.00     5.2145 
    291.00     5.2150 
    292.00     5.2140 
    293.00     5.2140 
    294.00     5.2145 
    295.00     5.2167 
    296.00     5.2160 
    297.00     5.2155 
    298.00     5.2115 
    299.00     5.2090 
    300.00     5.2053 
    301.00     5.1990 
    302.00     5.1985 
    303.00     5.1975 
    304.00     5.1967 
    305.00     5.1935 
    306.00     5.1945 
    307.00     5.1940 
    308.00     5.1953 
    309.00     5.1953 
    310.00     5.1945 
    311.00     5.1945 
    312.00     5.1945 
    313.00     5.1953 
    314.00     5.1950 
    315.00     5.1945 
    316.00     5.1945 
    317.00     5.1953 
    318.00     5.1940 
    319.00     5.1923 
    320.00     5.1890 
    321.00     5.1865 
    322.00     5.1845 
    323.00     5.1833 
    324.00     5.1825 
    325.00     5.1810 
    326.00     5.1800 
    327.00     5.1795 
    328.00     5.1780 
    329.00     5.1765 
    330.00     5.1760 
    331.00     5.1750 
    332.00     5.1743 
    333.00     5.1737 
    334.00     5.1725 
    335.00     5.1720 
    336.00     5.1720 
    337.00     5.1713 
    338.00     5.1710 
    339.00     5.1693 
    340.00     5.1685 
    341.00     5.1660 
    342.00     5.1645 
    343.00     5.1623 
    344.00     5.1610 
    345.00     5.1595 
    346.00     5.1575 
    347.00     5.1570 
    348.00     5.1567 
    349.00     5.1540 
    350.00     5.1517 
    351.00     5.1540 
    352.00     5.1500 
    353.00     5.1487 
    354.00     5.1500 
    355.00     5.1470 
    356.00     5.1485 
    357.00     5.1465 
    358.00     5.1455 
    359.00     5.1457 
    360.00     5.1433 
    361.00     5.1460 
    362.00     5.1422 
    363.00     5.1405 
    364.00     5.1440 
    365.00     5.1377 
    366.00     5.1383 
    367.00     5.1370 
    368.00     5.1353 
    369.00     5.1370 
    370.00     5.1350 
    371.00     5.1345 
    372.00     5.1360 
    373.00     5.1340 
    374.00     5.1360 
    375.00     5.1330 
    376.00     5.1330 
    377.00     5.1340 
    378.00     5.1315 
    379.00     5.1313 
    380.00     5.1295 
    381.00     5.1295 
    382.00     5.1290 
    383.00     5.1290 
    384.00     5.1270 
    385.00     5.1273 
    386.00     5.1260 
    387.00     5.1255 
    388.00     5.1263 
    389.00     5.1253 
    390.00     5.1270 
    391.00     5.1255 
    392.00     5.1250 
    393.00     5.1260 
    394.00     5.1250 
    395.00     5.1253 
    396.00     5.1247 
    397.00     5.1245 
    398.00     5.1250 
    399.00     5.1245 
    400.00     5.1247 
    401.00     5.1240 
    402.00     5.1247 
    403.00     5.1240 
    404.00     5.1243 
    405.00     5.1230 
    406.00     5.1220 
    407.00     5.1235 
    408.00     5.1207 
    409.00     5.1210 
    410.00     5.1205 
    411.00     5.1207 
    412.00     5.1205 
    413.00     5.1205 
    414.00     5.1207 
    415.00     5.1205 
    416.00     5.1207 
    417.00     5.1197 
    418.00     5.1210 
    419.00     5.1197 
    420.00     5.1195 
    421.00     5.1200 
    422.00     5.1193 
    423.00     5.1195 
    424.00     5.1195 
    425.00     5.1197 
    426.00     5.1193 
    427.00     5.1190 
    428.00     5.1190 
    429.00     5.1175 
    430.00     5.1175 
    431.00     5.1165 
    432.00     5.1167 
    433.00     5.1157 
    434.00     5.1155 
    435.00     5.1157 
    436.00     5.1150 
    437.00     5.1160 
    438.00     5.1143 
    439.00     5.1147 
    440.00     5.1137 
    441.00     5.1140 
    442.00     5.1137 
    443.00     5.1135 
    444.00     5.1135 
    445.00     5.1130 
    446.00     5.1140 
    447.00     5.1133 
    448.00     5.1133 
    449.00     5.1125 
    450.00     5.1130 
    451.00     5.1127 
