LAKE TAHOE ECOMODELING R1 -----------------------------                         
Run number = 202203022037,  Start date of run:   4/13/2018 at 0000 hours
i =  23  j =   5  km =  33   dt =10.00 sec  hhs =23.560 m   dz = 5.00 m
iexplt = 0  itrap = 1  cd =  0.0040  ismooth = 0  beta = 0.050 niter = 3
iextrp = 0  f = 0.0001  tramp=      0.0  iupwind = 0
    time       step       zeta    depth       u         v       w          Av               Dv        scalar     Tracers-> 
     hrs        no         cm        m       cm/s      cm/s     cm/s       cm2/s           cm2/s       oC          g/l   -> 
     0.0000         0     0.00     0.51      0.00      0.00   0.0000      0.0000000      0.0000000  0.5771500E+01
                                   1.03      0.00      0.00   0.0000      0.0000000      0.0000000  0.5771500E+01
                                   1.56      0.00      0.00   0.0000      0.0000000      0.0000000  0.5763700E+01
                                   2.10      0.00      0.00   0.0000      0.0000000      0.0000000  0.5667900E+01
                                   2.65      0.00      0.00   0.0000      0.0000000      0.0000000  0.5538000E+01
                                   3.22      0.00      0.00   0.0000      0.0000000      0.0000000  0.5454500E+01
                                   3.79      0.00      0.00   0.0000      0.0000000      0.0000000  0.5442000E+01
                                   4.38      0.00      0.00   0.0000      0.0000000      0.0000000  0.5440500E+01
                                   4.97      0.00      0.00   0.0000      0.0000000      0.0000000  0.5436800E+01
                                   5.58      0.00      0.00   0.0000      0.0000000      0.0000000  0.5431500E+01
                                   6.21      0.00      0.00   0.0000      0.0000000      0.0000000  0.5430200E+01
                                   6.84      0.00      0.00   0.0000      0.0000000      0.0000000  0.5432000E+01
                                   7.49      0.00      0.00   0.0000      0.0000000      0.0000000  0.5427600E+01
                                   8.15      0.00      0.00   0.0000      0.0000000      0.0000000  0.5423000E+01
                                   8.82      0.00      0.00   0.0000      0.0000000      0.0000000  0.5422500E+01
                                   9.51      0.00      0.00   0.0000      0.0000000      0.0000000  0.5420700E+01
                                  10.21      0.00      0.00   0.0000      0.0000000      0.0000000  0.5413300E+01
                                  10.92      0.00      0.00   0.0000      0.0000000      0.0000000  0.5412600E+01
                                  11.65      0.00      0.00   0.0000      0.0000000      0.0000000  0.5408300E+01
                                  12.39      0.00      0.00   0.0000      0.0000000      0.0000000  0.5404800E+01
                                  13.15      0.00      0.00   0.0000      0.0000000      0.0000000  0.5404800E+01
                                  13.92      0.00      0.00   0.0000      0.0000000      0.0000000  0.5402400E+01
                                  14.71      0.00      0.00   0.0000      0.0000000      0.0000000  0.5391300E+01
                                  15.52      0.00      0.00   0.0000      0.0000000      0.0000000  0.5389100E+01
                                  16.34      0.00      0.00   0.0000      0.0000000      0.0000000  0.5389700E+01
                                  17.17      0.00      0.00   0.0000      0.0000000      0.0000000  0.5384700E+01
                                  18.03      0.00      0.00   0.0000      0.0000000      0.0000000  0.5382900E+01
                                  18.90      0.00      0.00   0.0000      0.0000000      0.0000000  0.5381500E+01
                                  19.78      0.00      0.00   0.0000      0.0000000      0.0000000  0.5370000E+01
                                  20.69      0.00      0.00   0.0000      0.0000000      0.0000000  0.5362900E+01
                                  21.61      0.00      0.00   0.0000      0.0000000      0.0000000  0.5365900E+01
                                  22.56      0.00      0.00   0.0000      0.0000000      0.0000000  0.5359800E+01
                                  23.52      0.00      0.00   0.0000      0.0000000      0.0000000  0.5355800E+01
     1.0000       360     0.00     0.51      1.43      0.09  -0.0000      3.4718131      4.5015995  0.5702230E+01
                                   1.03      1.11      0.05  -0.0002      7.1978808      9.2826574  0.5709463E+01
                                   1.56      0.86      0.03  -0.0004      4.6378947      5.7570304  0.5710586E+01
                                   2.10      0.10      0.03  -0.0006      0.9690593      1.0272762  0.5678316E+01
                                   2.65     -0.16      0.04  -0.0007      0.1159611      0.1057465  0.5543907E+01
                                   3.22     -0.18      0.04  -0.0009      0.1758286      0.1654621  0.5460618E+01
                                   3.79     -0.18      0.04  -0.0011      0.3968788      0.3843053  0.5444160E+01
                                   4.38     -0.18      0.04  -0.0013      0.5619039      0.5489119  0.5440277E+01
                                   4.97     -0.19      0.04  -0.0015      0.5075262      0.4946721  0.5436804E+01
                                   5.58     -0.19      0.04  -0.0016      6.5019680      8.1199495  0.5431591E+01
                                   6.21      0.00      0.04  -0.0017     11.7180939     14.7496664  0.5431443E+01
                                   6.84      0.00      0.04  -0.0016      5.6510133      7.0519355  0.5431290E+01
                                   7.49      0.00      0.03  -0.0016      0.5063976      0.4935463  0.5426996E+01
                                   8.15      0.00      0.03  -0.0015      4.7938284      5.9489429  0.5423150E+01
                                   8.82      0.00      0.03  -0.0014      4.7993188      5.9544190  0.5422970E+01
                                   9.51      0.00      0.03  -0.0014      0.5204304      0.5075436  0.5420247E+01
                                  10.21      0.00      0.03  -0.0013      0.2349683      0.2228054  0.5415262E+01
                                  10.92      0.00      0.03  -0.0012      0.0772841      0.0760210  0.5412373E+01
                                  11.65      0.00      0.03  -0.0012      0.1218191      0.1296231  0.5408346E+01
                                  12.39      0.00      0.03  -0.0011      0.1235860      0.1287733  0.5404874E+01
                                  13.15      0.00      0.03  -0.0010      0.1237624      0.1274708  0.5404522E+01
                                  13.92      0.00      0.03  -0.0010      0.1224624      0.1265063  0.5401993E+01
                                  14.71      0.00      0.03  -0.0009      0.1218537      0.1256927  0.5391860E+01
                                  15.52      0.00      0.03  -0.0008      0.1222045      0.1245127  0.5389096E+01
                                  16.34      0.00      0.03  -0.0007      0.1221062      0.1242676  0.5389314E+01
                                  17.17      0.00      0.03  -0.0007      0.1223423      0.1250036  0.5384845E+01
                                  18.03      0.00      0.03  -0.0006      0.1231556      0.1263485  0.5382879E+01
                                  18.90      0.00      0.03  -0.0005      0.1224594      0.1279696  0.5381052E+01
                                  19.78      0.00      0.03  -0.0004      0.1213996      0.1291827  0.5370086E+01
                                  20.69      0.00      0.03  -0.0003      0.1213604      0.1305067  0.5363037E+01
                                  21.61      0.00      0.03  -0.0003      0.0980047      0.1048097  0.5365420E+01
                                  22.56      0.00      0.03  -0.0002      0.0531960      0.0516931  0.5359808E+01
                                  23.52      0.00      0.03  -0.0001      0.0158548      0.0124784  0.5355866E+01
     2.0000       720     0.00     0.51      1.83     -0.14  -0.0000      4.9187214      6.3902600  0.5635031E+01
                                   1.03      1.57     -0.17  -0.0005     11.5287479     14.9332802  0.5641720E+01
                                   1.56      1.37     -0.18  -0.0009     10.7382517     13.5728205  0.5643875E+01
                                   2.10      1.12     -0.17  -0.0014      4.9502333      5.8477238  0.5642756E+01
                                   2.65      0.63     -0.06  -0.0020      1.0393042      1.0288846  0.5604388E+01
                                   3.22     -0.21      0.10  -0.0023      0.3101647      0.2978111  0.5484334E+01
                                   3.79     -0.36      0.12  -0.0028      0.5432358      0.5302911  0.5446643E+01
                                   4.38     -0.37      0.12  -0.0032      1.3140058      1.2991067  0.5439733E+01
                                   4.97     -0.39      0.12  -0.0037      2.7825710      2.8249566  0.5435800E+01
                                   5.58     -0.39      0.11  -0.0039     14.4292961     17.7247007  0.5432612E+01
                                   6.21      0.00      0.10  -0.0040     23.0597169     29.0399697  0.5432264E+01
                                   6.84      0.00      0.10  -0.0039     11.6091035     14.3358391  0.5431927E+01
                                   7.49      0.00      0.09  -0.0037      1.4269691      1.4117835  0.5428354E+01
                                   8.15      0.00      0.09  -0.0036      4.4232552      5.4635678  0.5423605E+01
                                   8.82      0.00      0.09  -0.0034      4.3584380      5.3989148  0.5423330E+01
                                   9.51      0.00      0.09  -0.0033      0.6766395      0.6882600  0.5420554E+01
                                  10.21      0.00      0.09  -0.0031      0.3916874      0.4066324  0.5417117E+01
                                  10.92      0.00      0.09  -0.0030      0.0333050      0.0267030  0.5412745E+01
                                  11.65      0.00      0.09  -0.0028      0.0317106      0.0249582  0.5408636E+01
                                  12.39      0.00      0.09  -0.0027      0.0317123      0.0249606  0.5404875E+01
                                  13.15      0.00      0.09  -0.0025      0.0317139      0.0249629  0.5404283E+01
                                  13.92      0.00      0.09  -0.0023      0.0317098      0.0249572  0.5402156E+01
                                  14.71      0.00      0.09  -0.0021      0.0317085      0.0249553  0.5392562E+01
                                  15.52      0.00      0.09  -0.0020      0.0317127      0.0249612  0.5388857E+01
                                  16.34      0.00      0.09  -0.0018      0.0317128      0.0249612  0.5389186E+01
                                  17.17      0.00      0.09  -0.0016      0.0317121      0.0249603  0.5385059E+01
                                  18.03      0.00      0.09  -0.0014      0.0317134      0.0249621  0.5382856E+01
                                  18.90      0.00      0.09  -0.0012      0.0317097      0.0249570  0.5380870E+01
                                  19.78      0.00      0.09  -0.0010      0.0317081      0.0249548  0.5370407E+01
                                  20.69      0.00      0.09  -0.0008      0.0317123      0.0249606  0.5363056E+01
                                  21.61      0.00      0.09  -0.0006      0.0317145      0.0249636  0.5365268E+01
                                  22.56      0.00      0.09  -0.0004      0.0317118      0.0249599  0.5359808E+01
                                  23.52      0.00      0.09  -0.0002      0.0158548      0.0124784  0.5355879E+01
     3.0000      1080     0.00     0.51      1.80     -0.46  -0.0000      6.3271914      8.1980135  0.5576090E+01
                                   1.03      1.58     -0.49  -0.0009     16.8146344     21.8692794  0.5581225E+01
                                   1.56      1.40     -0.49  -0.0019     19.0397841     24.4396133  0.5583487E+01
                                   2.10      1.24     -0.48  -0.0029     14.4260982     17.7787559  0.5583768E+01
                                   2.65      1.00     -0.44  -0.0040      6.8780471      8.0063654  0.5581286E+01
                                   3.22      0.75     -0.16  -0.0051      1.9074584      1.8910541  0.5538814E+01
                                   3.79      0.38      0.10  -0.0058      2.8851442      2.8662611  0.5474510E+01
                                   4.38     -0.23      0.19  -0.0061     12.2614426     13.8699613  0.5447124E+01
                                   4.97     -0.41      0.20  -0.0067     16.0301849     18.0992542  0.5442014E+01
                                   5.58     -0.49      0.20  -0.0068     13.9394682     15.4613541  0.5438641E+01
                                   6.21      0.00      0.20  -0.0069     27.1168211     33.1025315  0.5436006E+01
                                   6.84      0.00      0.19  -0.0067     23.3157445     28.5511347  0.5435231E+01
                                   7.49      0.00      0.19  -0.0064      7.2702835      7.7035365  0.5432706E+01
                                   8.15      0.00      0.18  -0.0062      4.5448355      4.6541757  0.5429204E+01
                                   8.82      0.00      0.17  -0.0059      2.3405955      2.3310049  0.5425301E+01
                                   9.51      0.00      0.17  -0.0057      1.2176124      1.2029576  0.5422160E+01
                                  10.21      0.00      0.17  -0.0054      0.5561742      0.5431968  0.5419395E+01
                                  10.92      0.00      0.17  -0.0051      0.0327888      0.0235863  0.5413774E+01
                                  11.65      0.00      0.17  -0.0049      0.0317106      0.0249582  0.5409258E+01
                                  12.39      0.00      0.17  -0.0046      0.0317123      0.0249606  0.5405078E+01
                                  13.15      0.00      0.17  -0.0043      0.0317139      0.0249629  0.5404166E+01
                                  13.92      0.00      0.17  -0.0040      0.0317098      0.0249572  0.5402512E+01
                                  14.71      0.00      0.17  -0.0037      0.0317085      0.0249553  0.5393981E+01
                                  15.52      0.00      0.17  -0.0034      0.0317127      0.0249612  0.5388757E+01
                                  16.34      0.00      0.17  -0.0031      0.0317138      0.0249627  0.5389073E+01
                                  17.17      0.00      0.17  -0.0028      0.0317121      0.0249603  0.5385528E+01
                                  18.03      0.00      0.17  -0.0025      0.0317123      0.0249606  0.5382857E+01
                                  18.90      0.00      0.17  -0.0021      0.0317097      0.0249570  0.5380851E+01
                                  19.78      0.00      0.17  -0.0018      0.0317081      0.0249548  0.5371035E+01
                                  20.69      0.00      0.17  -0.0015      0.0317123      0.0249606  0.5363168E+01
                                  21.61      0.00      0.17  -0.0011      0.0317145      0.0249636  0.5365061E+01
                                  22.56      0.00      0.17  -0.0007      0.0317118      0.0249599  0.5359811E+01
                                  23.52      0.00      0.18  -0.0004      0.0158548      0.0124784  0.5355890E+01
     4.0000      1440     0.00     0.51      1.45     -0.73  -0.0000     10.5864683     13.9561144  0.5524759E+01
                                   1.03      1.30     -0.75  -0.0014     19.6842430     25.4117046  0.5528488E+01
                                   1.56      1.19     -0.75  -0.0028     93.4905559    128.3003017  0.5530179E+01
                                   2.10      1.11     -0.75  -0.0042     97.5666381    133.4361080  0.5530600E+01
                                   2.65      1.00     -0.73  -0.0057     17.0914363     20.8174973  0.5530636E+01
                                   3.22      0.89     -0.61  -0.0072      5.3933362      5.6923291  0.5526228E+01
                                   3.79      0.74     -0.30  -0.0086      2.9595525      2.9404805  0.5505794E+01
                                   4.38      0.60     -0.05  -0.0097      2.9300517      2.9110545  0.5484129E+01
                                   4.97      0.43      0.11  -0.0104      3.2280694      3.2083160  0.5466303E+01
                                   5.58      0.24      0.20  -0.0103      3.5472598      3.5266974  0.5455255E+01
                                   6.21      0.00      0.24  -0.0100      4.6218245      4.6780639  0.5447223E+01
                                   6.84      0.00      0.26  -0.0098      4.4056511      4.4624385  0.5443135E+01
                                   7.49      0.00      0.27  -0.0095      3.4266355      3.4063787  0.5438469E+01
                                   8.15      0.00      0.27  -0.0091      2.9624513      2.9433719  0.5434770E+01
                                   8.82      0.00      0.27  -0.0088      1.8918081      1.8754437  0.5430208E+01
                                   9.51      0.00      0.27  -0.0084     10.7351318     13.3010722  0.5425086E+01
                                  10.21      0.00      0.27  -0.0080      9.9453423     12.5132850  0.5424879E+01
                                  10.92      0.00      0.27  -0.0076      0.0327863      0.0235829  0.5417054E+01
                                  11.65      0.00      0.27  -0.0072      0.0317093      0.0249565  0.5410470E+01
                                  12.39      0.00      0.27  -0.0068      0.0317123      0.0249606  0.5405621E+01
                                  13.15      0.00      0.27  -0.0064      0.0317139      0.0249628  0.5404149E+01
                                  13.92      0.00      0.27  -0.0060      0.0317110      0.0249588  0.5402923E+01
                                  14.71      0.00      0.27  -0.0055      0.0317074      0.0249538  0.5395955E+01
                                  15.52      0.00      0.27  -0.0051      0.0317116      0.0249597  0.5389035E+01
                                  16.34      0.00      0.27  -0.0046      0.0317138      0.0249627  0.5388982E+01
                                  17.17      0.00      0.27  -0.0041      0.0317121      0.0249603  0.5386303E+01
                                  18.03      0.00      0.27  -0.0037      0.0317123      0.0249606  0.5383258E+01
                                  18.90      0.00      0.27  -0.0032      0.0317107      0.0249584  0.5380854E+01
                                  19.78      0.00      0.27  -0.0027      0.0317081      0.0249549  0.5371953E+01
                                  20.69      0.00      0.27  -0.0022      0.0317113      0.0249593  0.5363496E+01
                                  21.61      0.00      0.27  -0.0017      0.0317145      0.0249636  0.5364844E+01
                                  22.56      0.00      0.27  -0.0011      0.0317118      0.0249599  0.5359900E+01
                                  23.52      0.00      0.30  -0.0006      0.0158548      0.0124784  0.5355890E+01
     5.0000      1800     0.00     0.51      1.44     -0.89   0.0000      9.9110976     13.0885851  0.5487940E+01
                                   1.03      1.30     -0.91  -0.0014     31.0947001     41.4715707  0.5492944E+01
                                   1.56      1.22     -0.91  -0.0028     32.2346762     42.2997028  0.5494757E+01
                                   2.10      1.17     -0.91  -0.0042    104.7618873    143.6634734  0.5495823E+01
                                   2.65      1.13     -0.90  -0.0057    107.5096708    147.1256465  0.5496192E+01
                                   3.22      1.07     -0.88  -0.0072     28.6795967     36.1209409  0.5497078E+01
                                   3.79      1.01     -0.83  -0.0087     20.2756329     24.7261603  0.5496974E+01
                                   4.38      0.95     -0.62  -0.0102      7.5284508      8.1064750  0.5494393E+01
                                   4.97      0.88     -0.29  -0.0116      4.0134625      3.9917178  0.5483846E+01
                                   5.58      0.81     -0.00  -0.0121      7.5986492      8.0242881  0.5468729E+01
                                   6.21      0.00      0.12  -0.0121      8.2896079      8.7217439  0.5463479E+01
                                   6.84      0.00      0.20  -0.0124      4.2209303      4.2069083  0.5454315E+01
                                   7.49      0.00      0.28  -0.0124      2.8841454      2.8652645  0.5446198E+01
                                   8.15      0.00      0.33  -0.0121      1.9931434      1.9765219  0.5439433E+01
                                   8.82      0.00      0.34  -0.0118      1.2272711      1.2125919  0.5434293E+01
                                   9.51      0.00      0.35  -0.0113      0.9485664      0.9345940  0.5428574E+01
                                  10.21      0.00      0.35  -0.0108      0.4972922      0.4844640  0.5427788E+01
                                  10.92      0.00      0.38  -0.0103      0.0327863      0.0235829  0.5421784E+01
                                  11.65      0.00      0.39  -0.0098      0.0317081      0.0249549  0.5413348E+01
                                  12.39      0.00      0.39  -0.0092      0.0317111      0.0249589  0.5406913E+01
                                  13.15      0.00      0.39  -0.0087      0.0317139      0.0249628  0.5404301E+01
                                  13.92      0.00      0.39  -0.0081      0.0317121      0.0249603  0.5403220E+01
                                  14.71      0.00      0.39  -0.0075      0.0317074      0.0249538  0.5398281E+01
                                  15.52      0.00      0.39  -0.0069      0.0317105      0.0249581  0.5390021E+01
                                  16.34      0.00      0.39  -0.0062      0.0317138      0.0249627  0.5388978E+01
                                  17.17      0.00      0.39  -0.0056      0.0317121      0.0249603  0.5387059E+01
                                  18.03      0.00      0.39  -0.0050      0.0317123      0.0249606  0.5383850E+01
                                  18.90      0.00      0.39  -0.0043      0.0317107      0.0249584  0.5381072E+01
                                  19.78      0.00      0.39  -0.0036      0.0317081      0.0249549  0.5373054E+01
                                  20.69      0.00      0.39  -0.0030      0.0317113      0.0249593  0.5364013E+01
                                  21.61      0.00      0.39  -0.0023      0.0317145      0.0249636  0.5364652E+01
                                  22.56      0.00      0.39  -0.0015      0.0317118      0.0249599  0.5360088E+01
                                  23.52      0.00      0.44  -0.0008      0.0158548      0.0124784  0.5355890E+01
     6.0000      2160     0.00     0.51      1.48     -0.76  -0.0000     28.1533459     37.0674813  0.5458895E+01
                                   1.03      1.40     -0.76  -0.0010     53.2072736     68.6276192  0.5460842E+01
                                   1.56      1.35     -0.75  -0.0019     58.2119683     73.3313523  0.5461797E+01
                                   2.10      1.31     -0.74  -0.0029     73.8174329     92.9940306  0.5462715E+01
                                   2.65      1.27     -0.71  -0.0039     88.4602778    111.4438288  0.5463249E+01
                                   3.22      1.25     -0.69  -0.0049    102.5781408    129.2321645  0.5463507E+01
                                   3.79      1.23     -0.66  -0.0059    116.1768101    146.3663019  0.5463577E+01
                                   4.38      1.21     -0.61  -0.0069    129.5455173    163.2107049  0.5463520E+01
                                   4.97      1.19     -0.55  -0.0078    140.0542073    176.4515042  0.5463331E+01
                                   5.58      1.18     -0.49  -0.0082    148.6958470    187.3398572  0.5463044E+01
                                   6.21      0.00     -0.43  -0.0084    147.0389776    185.2522418  0.5462665E+01
                                   6.84      0.00     -0.37  -0.0095    134.4413310    169.3793759  0.5462135E+01
                                   7.49      0.00     -0.30  -0.0105    100.7365249    124.7108076  0.5461442E+01
                                   8.15      0.00     -0.18  -0.0114     66.3370267     79.1446492  0.5459972E+01
                                   8.82      0.00     -0.03  -0.0121     76.8487621     94.5902430  0.5458071E+01
                                   9.51      0.00      0.05  -0.0126     64.2749667     78.9092295  0.5457129E+01
                                  10.21      0.00      0.15  -0.0128     17.3524558     19.7535288  0.5455509E+01
                                  10.92      0.00      0.46  -0.0129      0.1812696      0.1692429  0.5430424E+01
                                  11.65      0.00      0.51  -0.0123      0.0613393      0.0520636  0.5417625E+01
                                  12.39      0.00      0.52  -0.0116      0.0317087      0.0249556  0.5409719E+01
                                  13.15      0.00      0.52  -0.0109      0.0317127      0.0249612  0.5404785E+01
                                  13.92      0.00      0.52  -0.0102      0.0317132      0.0249619  0.5403635E+01
                                  14.71      0.00      0.52  -0.0094      0.0317107      0.0249585  0.5400506E+01
                                  15.52      0.00      0.52  -0.0087      0.0317095      0.0249567  0.5392068E+01
                                  16.34      0.00      0.52  -0.0079      0.0317106      0.0249582  0.5389095E+01
                                  17.17      0.00      0.52  -0.0071      0.0317121      0.0249603  0.5387648E+01
                                  18.03      0.00      0.52  -0.0063      0.0317123      0.0249606  0.5384594E+01
                                  18.90      0.00      0.52  -0.0054      0.0317117      0.0249598  0.5381568E+01
                                  19.78      0.00      0.52  -0.0046      0.0317082      0.0249549  0.5374366E+01
                                  20.69      0.00      0.52  -0.0038      0.0317103      0.0249579  0.5364701E+01
                                  21.61      0.00      0.52  -0.0029      0.0317145      0.0249636  0.5364562E+01
                                  22.56      0.00      0.51  -0.0020      0.0317118      0.0249599  0.5360372E+01
                                  23.52      0.00      0.62  -0.0011      0.0158548      0.0124784  0.5355891E+01
     7.0000      2520     0.00     0.51      1.58     -0.67  -0.0000     29.2919390     36.8999760  0.5447178E+01
                                   1.03      1.52     -0.67  -0.0006     73.5728769     92.6858932  0.5448543E+01
                                   1.56      1.48     -0.66  -0.0013    154.4657908    201.4889754  0.5449523E+01
                                   2.10      1.45     -0.66  -0.0020    179.8536628    233.4773540  0.5450148E+01
                                   2.65      1.43     -0.65  -0.0026    150.5744644    189.7069067  0.5450500E+01
                                   3.22      1.41     -0.65  -0.0033    172.6839319    217.5645530  0.5451027E+01
                                   3.79      1.39     -0.64  -0.0041    193.7971450    244.1669255  0.5451445E+01
                                   4.38      1.38     -0.63  -0.0048    214.0891925    269.7346732  0.5451787E+01
                                   4.97      1.37     -0.62  -0.0055    229.9959771    289.7769958  0.5452069E+01
                                   5.58      1.36     -0.61  -0.0057    242.3441410    305.3355217  0.5452310E+01
                                   6.21      0.00     -0.60  -0.0059    241.8605611    304.7262132  0.5452514E+01
                                   6.84      0.00     -0.59  -0.0072    293.6765365    378.3755004  0.5452700E+01
                                   7.49      0.00     -0.58  -0.0084    279.9106017    361.0306233  0.5452802E+01
                                   8.15      0.00     -0.57  -0.0096    200.5774900    252.7100779  0.5452948E+01
                                   8.82      0.00     -0.56  -0.0109    187.3207092    236.0067144  0.5453063E+01
                                   9.51      0.00     -0.55  -0.0121    174.6635512    220.0588584  0.5453141E+01
                                  10.21      0.00     -0.55  -0.0134     84.7849343    106.6726912  0.5453172E+01
                                  10.92      0.00      0.22  -0.0147      1.0450719      1.0308548  0.5448243E+01
                                  11.65      0.00      0.55  -0.0147      0.5669834      0.5539785  0.5433409E+01
                                  12.39      0.00      0.65  -0.0140      0.1086316      0.0967891  0.5415434E+01
                                  13.15      0.00      0.66  -0.0132      0.0618241      0.0525482  0.5405643E+01
                                  13.92      0.00      0.66  -0.0123      0.0317121      0.0249603  0.5404292E+01
                                  14.71      0.00      0.66  -0.0114      0.0317119      0.0249600  0.5402156E+01
                                  15.52      0.00      0.66  -0.0105      0.0317095      0.0249567  0.5395386E+01
                                  16.34      0.00      0.66  -0.0095      0.0317095      0.0249567  0.5389766E+01
                                  17.17      0.00      0.66  -0.0086      0.0317121      0.0249603  0.5388121E+01
                                  18.03      0.00      0.66  -0.0076      0.0317123      0.0249606  0.5385426E+01
                                  18.90      0.00      0.66  -0.0066      0.0317117      0.0249598  0.5382461E+01
                                  19.78      0.00      0.66  -0.0056      0.0317091      0.0249563  0.5375849E+01
                                  20.69      0.00      0.66  -0.0046      0.0317104      0.0249579  0.5365651E+01
                                  21.61      0.00      0.66  -0.0035      0.0317135      0.0249622  0.5364555E+01
                                  22.56      0.00      0.64  -0.0024      0.0317118      0.0249599  0.5360654E+01
                                  23.52      0.00      0.81  -0.0013      0.0158548      0.0124784  0.5355891E+01
     8.0000      2880     0.00     0.51      1.68     -0.82   0.0000     48.1515797     62.4074508  0.5438746E+01
                                   1.03      1.63     -0.82  -0.0006     99.3408263    126.8977486  0.5439680E+01
                                   1.56      1.59     -0.81  -0.0013    117.5375283    148.0808016  0.5440550E+01
                                   2.10      1.57     -0.81  -0.0019    146.4048401    184.4532415  0.5441195E+01
                                   2.65      1.54     -0.81  -0.0026    230.4173261    297.6777032  0.5441708E+01
                                   3.22      1.53     -0.80  -0.0033    255.0509572    328.7157416  0.5441961E+01
                                   3.79      1.51     -0.80  -0.0040    220.6238359    277.9681981  0.5442319E+01
                                   4.38      1.50     -0.79  -0.0047    242.9162338    306.0563281  0.5442622E+01
                                   4.97      1.49     -0.79  -0.0055    261.1010894    328.9689869  0.5442879E+01
                                   5.58      1.49     -0.78  -0.0057    276.0623768    347.8200361  0.5443101E+01
                                   6.21      0.00     -0.78  -0.0059    276.5380219    348.4193608  0.5443293E+01
                                   6.84      0.00     -0.77  -0.0072    262.2801438    330.4546326  0.5443469E+01
                                   7.49      0.00     -0.76  -0.0086    248.6165240    313.2386506  0.5443626E+01
                                   8.15      0.00     -0.75  -0.0100    235.3246883    296.4910865  0.5443762E+01
                                   8.82      0.00     -0.75  -0.0114    222.4617824    280.2839875  0.5443873E+01
                                   9.51      0.00     -0.74  -0.0128    209.9860087    264.5646781  0.5443955E+01
                                  10.21      0.00     -0.74  -0.0142    102.7069241    129.1891187  0.5444005E+01
                                  10.92      0.00     -0.07  -0.0156      1.9180184      1.9015875  0.5445124E+01
                                  11.65      0.00      0.33  -0.0162      1.4555739      1.4403158  0.5443642E+01
                                  12.39      0.00      0.69  -0.0160      0.3708311      0.3583237  0.5433044E+01
                                  13.15      0.00      0.79  -0.0153      0.1059806      0.1033118  0.5412600E+01
                                  13.92      0.00      0.81  -0.0143      0.0770845      0.0769370  0.5405223E+01
                                  14.71      0.00      0.81  -0.0132      0.0317130      0.0249616  0.5403181E+01
                                  15.52      0.00      0.81  -0.0122      0.0317106      0.0249582  0.5398556E+01
                                  16.34      0.00      0.81  -0.0111      0.0317095      0.0249567  0.5392051E+01
                                  17.17      0.00      0.80  -0.0100      0.0317110      0.0249589  0.5388584E+01
                                  18.03      0.00      0.80  -0.0088      0.0317123      0.0249606  0.5386162E+01
                                  18.90      0.00      0.80  -0.0077      0.0317117      0.0249598  0.5383496E+01
                                  19.78      0.00      0.80  -0.0065      0.0317082      0.0249549  0.5377717E+01
                                  20.69      0.00      0.80  -0.0053      0.0317094      0.0249566  0.5366961E+01
                                  21.61      0.00      0.81  -0.0041      0.0317135      0.0249622  0.5364557E+01
                                  22.56      0.00      0.77  -0.0028      0.0317118      0.0249599  0.5360889E+01
                                  23.52      0.00      1.00  -0.0016      0.0158548      0.0124784  0.5355950E+01
     9.0000      3240     0.01     0.51      1.77     -0.96   0.0000     49.8049334     64.4098548  0.5430436E+01
                                   1.03      1.72     -0.96  -0.0006    104.1988842    132.9380367  0.5431351E+01
                                   1.56      1.68     -0.96  -0.0012    124.8482149    157.2921686  0.5432184E+01
                                   2.10      1.65     -0.95  -0.0018    155.4468460    195.8460361  0.5432804E+01
                                   2.65      1.63     -0.95  -0.0025    236.8103154    305.1364794  0.5433298E+01
                                   3.22      1.62     -0.95  -0.0032    262.9163489    338.0297869  0.5433556E+01
                                   3.79      1.61     -0.94  -0.0038    234.0867743    294.9313633  0.5433900E+01
                                   4.38      1.59     -0.94  -0.0045    257.6492727    324.6197850  0.5434194E+01
                                   4.97      1.59     -0.93  -0.0053    277.3940191    349.4979441  0.5434446E+01
                                   5.58      1.58     -0.93  -0.0055    294.1600047    370.6228361  0.5434664E+01
                                   6.21      0.00     -0.92  -0.0057    295.1743640    371.9009459  0.5434853E+01
                                   6.84      0.00     -0.92  -0.0071    280.2931890    353.1508148  0.5435030E+01
                                   7.49      0.00     -0.91  -0.0085    266.0707012    335.2306783  0.5435191E+01
                                   8.15      0.00     -0.91  -0.0100    252.2819117    317.8570047  0.5435335E+01
                                   8.82      0.00     -0.90  -0.0114    238.9942855    301.1147492  0.5435455E+01
                                   9.51      0.00     -0.89  -0.0129    226.1736803    284.9609405  0.5435551E+01
                                  10.21      0.00     -0.89  -0.0144    110.8584832    139.4249406  0.5435615E+01
                                  10.92      0.00     -0.29  -0.0160      2.3992723      2.3816210  0.5439586E+01
                                  11.65      0.00      0.04  -0.0168      2.0454985      2.0287443  0.5441288E+01
                                  12.39      0.00      0.53  -0.0171      0.6584488      0.6452120  0.5440727E+01
                                  13.15      0.00      0.86  -0.0168      0.1353791      0.1234688  0.5429496E+01
                                  13.92      0.00      0.93  -0.0159      0.0609869      0.0517120  0.5411766E+01
                                  14.71      0.00      0.94  -0.0147      0.0317107      0.0249584  0.5404611E+01
                                  15.52      0.00      0.94  -0.0136      0.0317117      0.0249598  0.5401125E+01
                                  16.34      0.00      0.94  -0.0123      0.0317084      0.0249553  0.5395226E+01
                                  17.17      0.00      0.94  -0.0111      0.0317100      0.0249574  0.5390263E+01
                                  18.03      0.00      0.94  -0.0099      0.0317123      0.0249606  0.5387022E+01
                                  18.90      0.00      0.94  -0.0086      0.0317127      0.0249612  0.5384694E+01
                                  19.78      0.00      0.94  -0.0073      0.0317092      0.0249563  0.5379813E+01
                                  20.69      0.00      0.94  -0.0059      0.0317084      0.0249552  0.5368906E+01
                                  21.61      0.00      0.95  -0.0046      0.0317125      0.0249609  0.5364728E+01
                                  22.56      0.00      0.89  -0.0032      0.0317118      0.0249599  0.5361261E+01
                                  23.52      0.00      1.17  -0.0018      0.0158548      0.0124784  0.5356203E+01
    10.0000      3600     0.00     0.51      1.74     -1.05   0.0000     37.8082693     47.6304442  0.5423653E+01
                                   1.03      1.71     -1.06  -0.0005    123.2267264    158.9759439  0.5424825E+01
                                   1.56      1.69     -1.06  -0.0010    157.6750353    202.3803815  0.5425310E+01
                                   2.10      1.67     -1.06  -0.0016    159.3814604    200.8036152  0.5425881E+01
                                   2.65      1.66     -1.06  -0.0022    188.1049573    236.9948477  0.5426336E+01
                                   3.22      1.65     -1.06  -0.0027    215.3324336    271.3011391  0.5426713E+01
                                   3.79      1.64     -1.05  -0.0034    241.3466386    304.0786833  0.5427028E+01
                                   4.38      1.63     -1.05  -0.0040    266.4677426    335.7309848  0.5427295E+01
                                   4.97      1.62     -1.05  -0.0046    288.3126028    363.2552177  0.5427523E+01
                                   5.58      1.62     -1.04  -0.0048    307.1134165    386.9439662  0.5427719E+01
                                   6.21      0.00     -1.04  -0.0049    353.1199694    450.3992945  0.5427890E+01
                                   6.84      0.00     -1.04  -0.0064    336.9839117    430.0680012  0.5428012E+01
                                   7.49      0.00     -1.03  -0.0078    276.3457410    348.1771052  0.5428164E+01
                                   8.15      0.00     -1.03  -0.0092    260.9539591    328.7836537  0.5428299E+01
                                   8.82      0.00     -1.02  -0.0107    246.5223148    310.5999529  0.5428417E+01
                                   9.51      0.00     -1.02  -0.0122    233.0028638    293.5656160  0.5428512E+01
                                  10.21      0.00     -1.02  -0.0138    114.1973957    143.6192263  0.5428580E+01
                                  10.92      0.00     -0.47  -0.0153      2.5954156      2.5772670  0.5433722E+01
                                  11.65      0.00     -0.19  -0.0163      2.3048956      2.2874837  0.5436679E+01
                                  12.39      0.00      0.25  -0.0170      0.8309658      0.8172915  0.5439322E+01
                                  13.15      0.00      0.79  -0.0171      0.1968153      0.1847492  0.5438121E+01
                                  13.92      0.00      0.99  -0.0165      0.0615836      0.0523063  0.5426922E+01
                                  14.71      0.00      1.04  -0.0154      0.0317062      0.0249522  0.5411299E+01
                                  15.52      0.00      1.05  -0.0142      0.0317095      0.0249567  0.5403244E+01
                                  16.34      0.00      1.05  -0.0129      0.0317095      0.0249567  0.5398288E+01
                                  17.17      0.00      1.04  -0.0116      0.0317100      0.0249574  0.5393244E+01
                                  18.03      0.00      1.04  -0.0103      0.0317113      0.0249592  0.5388776E+01
                                  18.90      0.00      1.04  -0.0090      0.0317117      0.0249598  0.5385982E+01
                                  19.78      0.00      1.04  -0.0076      0.0317091      0.0249563  0.5381922E+01
                                  20.69      0.00      1.04  -0.0062      0.0317094      0.0249566  0.5371679E+01
                                  21.61      0.00      1.05  -0.0048      0.0317116      0.0249596  0.5365420E+01
                                  22.56      0.00      0.98  -0.0033      0.0317118      0.0249599  0.5361804E+01
                                  23.52      0.00      1.27  -0.0019      0.0158557      0.0124797  0.5356733E+01
    11.0000      3960     0.00     0.51      1.69     -1.11   0.0000     36.5034165     45.9863432  0.5420242E+01
                                   1.03      1.66     -1.12  -0.0004     90.5797444    114.1143404  0.5421347E+01
                                   1.56      1.63     -1.12  -0.0009    170.6876233    221.0560255  0.5422062E+01
                                   2.10      1.62     -1.12  -0.0013    200.5910501    258.7339468  0.5422364E+01
                                   2.65      1.61     -1.12  -0.0018    181.0766011    228.1391993  0.5422775E+01
                                   3.22      1.60     -1.11  -0.0023    206.7349106    260.4683489  0.5423113E+01
                                   3.79      1.59     -1.11  -0.0028    230.9852280    291.0234407  0.5423393E+01
                                   4.38      1.58     -1.11  -0.0033    254.1378699    320.1954812  0.5423627E+01
                                   4.97      1.57     -1.11  -0.0038    274.4170278    345.7469493  0.5423824E+01
                                   5.58      1.57     -1.10  -0.0039    292.4868464    368.5146570  0.5423994E+01
                                   6.21      0.00     -1.10  -0.0040    294.3098918    370.8116710  0.5424138E+01
                                   6.84      0.00     -1.10  -0.0054    279.9536847    352.7230769  0.5424270E+01
                                   7.49      0.00     -1.09  -0.0067    266.2408352    335.4450315  0.5424392E+01
                                   8.15      0.00     -1.09  -0.0081    252.9498003    318.6985105  0.5424500E+01
                                   8.82      0.00     -1.09  -0.0095    240.1375398    302.5552258  0.5424594E+01
                                   9.51      0.00     -1.08  -0.0109    227.7607471    286.9606391  0.5424671E+01
                                  10.21      0.00     -1.08  -0.0123    111.7456518    140.5461319  0.5424728E+01
                                  10.92      0.00     -0.60  -0.0138      2.4189297      2.4012286  0.5429828E+01
                                  11.65      0.00     -0.37  -0.0148      2.1426386      2.1256381  0.5432974E+01
                                  12.39      0.00      0.00  -0.0156      0.7774773      0.7639387  0.5436543E+01
                                  13.15      0.00      0.64  -0.0161      0.1913181      0.1792659  0.5439517E+01
                                  13.92      0.00      0.97  -0.0159      0.0625368      0.0532571  0.5437187E+01
                                  14.71      0.00      1.08  -0.0151      0.0317040      0.0249491  0.5424656E+01
                                  15.52      0.00      1.10  -0.0139      0.0317062      0.0249522  0.5410467E+01
                                  16.34      0.00      1.10  -0.0127      0.0317084      0.0249553  0.5401633E+01
                                  17.17      0.00      1.10  -0.0114      0.0317110      0.0249589  0.5396523E+01
                                  18.03      0.00      1.10  -0.0102      0.0317103      0.0249578  0.5391909E+01
                                  18.90      0.00      1.10  -0.0088      0.0317107      0.0249584  0.5388044E+01
                                  19.78      0.00      1.09  -0.0075      0.0317102      0.0249577  0.5384483E+01
                                  20.69      0.00      1.10  -0.0061      0.0317084      0.0249553  0.5375103E+01
                                  21.61      0.00      1.11  -0.0047      0.0317116      0.0249596  0.5367198E+01
                                  22.56      0.00      1.03  -0.0032      0.0317118      0.0249599  0.5362778E+01
                                  23.52      0.00      1.29  -0.0019      0.0158548      0.0124784  0.5357731E+01
    12.0000      4320     0.00     0.51      1.61     -1.11   0.0000     34.9887740     44.0779142  0.5422326E+01
                                   1.03      1.58     -1.12  -0.0003     86.8586451    109.4258018  0.5423362E+01
                                   1.56      1.55     -1.12  -0.0007    118.8790053    149.7710403  0.5424014E+01
                                   2.10      1.54     -1.12  -0.0011    147.7149036    186.1038990  0.5424476E+01
                                   2.65      1.52     -1.12  -0.0015    174.0347221    219.2665264  0.5424829E+01
                                   3.22      1.51     -1.12  -0.0018    264.3335983    341.4411098  0.5425110E+01
                                   3.79      1.50     -1.11  -0.0023    287.3025835    370.3817353  0.5425244E+01
                                   4.38      1.49     -1.11  -0.0027    243.3098480    306.5522760  0.5425427E+01
                                   4.97      1.49     -1.11  -0.0031    262.3635530    330.5597603  0.5425579E+01
                                   5.58      1.48     -1.11  -0.0032    279.3731913    351.9916534  0.5425704E+01
                                   6.21      0.00     -1.10  -0.0032    281.1046690    354.1732952  0.5425807E+01
                                   6.84      0.00     -1.10  -0.0044    267.6175162    337.1796757  0.5425899E+01
                                   7.49      0.00     -1.10  -0.0056    254.6308562    320.8166361  0.5425979E+01
                                   8.15      0.00     -1.09  -0.0069    241.9291064    304.8125841  0.5426047E+01
                                   8.82      0.00     -1.09  -0.0081    229.5709774    289.2415039  0.5426105E+01
                                   9.51      0.00     -1.09  -0.0094    217.5279707    274.0674466  0.5426151E+01
                                  10.21      0.00     -1.08  -0.0107    106.6080481    134.0966392  0.5426187E+01
                                  10.92      0.00     -0.68  -0.0120      2.0781712      2.0613342  0.5430088E+01
                                  11.65      0.00     -0.48  -0.0129      1.7093985      1.6934967  0.5432703E+01
                                  12.39      0.00     -0.15  -0.0138      0.5297927      0.5168822  0.5436143E+01
                                  13.15      0.00      0.50  -0.0144      0.1274801      0.1155898  0.5441404E+01
                                  13.92      0.00      0.91  -0.0144      0.0632156      0.0539355  0.5441970E+01
                                  14.71      0.00      1.06  -0.0139      0.0317074      0.0249538  0.5437403E+01
                                  15.52      0.00      1.11  -0.0130      0.0317040      0.0249492  0.5422763E+01
                                  16.34      0.00      1.12  -0.0119      0.0317052      0.0249508  0.5409438E+01
                                  17.17      0.00      1.11  -0.0107      0.0317089      0.0249559  0.5401330E+01
                                  18.03      0.00      1.11  -0.0095      0.0317113      0.0249592  0.5396081E+01
                                  18.90      0.00      1.11  -0.0082      0.0317107      0.0249584  0.5391644E+01
                                  19.78      0.00      1.10  -0.0070      0.0317081      0.0249549  0.5387997E+01
                                  20.69      0.00      1.11  -0.0057      0.0317084      0.0249553  0.5379265E+01
                                  21.61      0.00      1.12  -0.0044      0.0317106      0.0249583  0.5370297E+01
                                  22.56      0.00      1.04  -0.0030      0.0317118      0.0249599  0.5364745E+01
                                  23.52      0.00      1.23  -0.0017      0.0158557      0.0124797  0.5359594E+01
    13.0000      4680     0.00     0.51      1.52     -1.04  -0.0000     32.5075048     40.9515481  0.5431461E+01
                                   1.03      1.49     -1.05  -0.0002     80.8798429    101.8925849  0.5432597E+01
                                   1.56      1.46     -1.06  -0.0005    174.5554246    228.3052169  0.5433306E+01
                                   2.10      1.45     -1.06  -0.0008    201.4481463    262.1897124  0.5433531E+01
                                   2.65      1.44     -1.06  -0.0010    162.2232981    204.3842897  0.5433871E+01
                                   3.22      1.42     -1.06  -0.0013    185.0665361    233.1664786  0.5434121E+01
                                   3.79      1.41     -1.06  -0.0016    206.6060901    260.3060380  0.5434305E+01
                                   4.38      1.41     -1.06  -0.0019    227.1274850    286.1627191  0.5434441E+01
                                   4.97      1.40     -1.06  -0.0022    245.2583984    309.0074286  0.5434541E+01
                                   5.58      1.40     -1.06  -0.0022    261.5400963    329.5221925  0.5434615E+01
                                   6.21      0.00     -1.05  -0.0021    263.2682770    331.6996619  0.5434669E+01
                                   6.84      0.00     -1.05  -0.0032    250.5215071    315.6388924  0.5434710E+01
                                   7.49      0.00     -1.05  -0.0042    238.2345870    300.1575544  0.5434738E+01
                                   8.15      0.00     -1.04  -0.0053    226.1991985    284.9930897  0.5434757E+01
                                   8.82      0.00     -1.04  -0.0064    214.4625410    270.2050656  0.5434769E+01
                                   9.51      0.00     -1.04  -0.0075    202.9849589    255.7434514  0.5434777E+01
                                  10.21      0.00     -1.04  -0.0086     99.3396807    124.9728352  0.5434783E+01
                                  10.92      0.00     -0.70  -0.0098      1.6470157      1.6312722  0.5436542E+01
                                  11.65      0.00     -0.53  -0.0106      1.2600016      1.2452394  0.5437921E+01
                                  12.39      0.00     -0.23  -0.0113      0.3486704      0.3362192  0.5440212E+01
                                  13.15      0.00      0.41  -0.0119      0.0950234      0.0832153  0.5445482E+01
                                  13.92      0.00      0.81  -0.0120      0.0632167      0.0539371  0.5448664E+01
                                  14.71      0.00      1.00  -0.0118      0.0317107      0.0249585  0.5446899E+01
                                  15.52      0.00      1.06  -0.0112      0.0317051      0.0249507  0.5437170E+01
                                  16.34      0.00      1.08  -0.0103      0.0317030      0.0249478  0.5421609E+01
                                  17.17      0.00      1.07  -0.0093      0.0317068      0.0249530  0.5409746E+01
                                  18.03      0.00      1.07  -0.0082      0.0317102      0.0249577  0.5402315E+01
                                  18.90      0.00      1.07  -0.0072      0.0317117      0.0249598  0.5397193E+01
                                  19.78      0.00      1.06  -0.0060      0.0317082      0.0249549  0.5393229E+01
                                  20.69      0.00      1.07  -0.0049      0.0317084      0.0249552  0.5384772E+01
                                  21.61      0.00      1.07  -0.0038      0.0317106      0.0249583  0.5375053E+01
                                  22.56      0.00      1.00  -0.0026      0.0317099      0.0249573  0.5368327E+01
                                  23.52      0.00      1.10  -0.0014      0.0158548      0.0124784  0.5362675E+01
    14.0000      5040     0.00     0.51      1.43     -0.93   0.0000     30.1750726     38.0127132  0.5448524E+01
                                   1.03      1.39     -0.94  -0.0001    125.9301696    165.3877459  0.5449741E+01
                                   1.56      1.38     -0.95  -0.0003    153.8934652    200.6211504  0.5450066E+01
                                   2.10      1.36     -0.95  -0.0004    128.0866191    161.3725163  0.5450506E+01
                                   2.65      1.34     -0.95  -0.0006    150.8137584    190.0084317  0.5450798E+01
                                   3.22      1.33     -0.95  -0.0008    172.1491665    216.8907598  0.5450995E+01
                                   3.79      1.32     -0.95  -0.0009    192.2780648    242.2529086  0.5451122E+01
                                   4.38      1.31     -0.95  -0.0011    211.4617079    266.4240636  0.5451197E+01
                                   4.97      1.31     -0.95  -0.0013    228.4086496    287.7769619  0.5451234E+01
                                   5.58      1.30     -0.95  -0.0012    243.6151914    306.9370426  0.5451246E+01
                                   6.21      0.00     -0.95  -0.0010    245.1951429    308.9277819  0.5451241E+01
                                   6.84      0.00     -0.95  -0.0019    233.2137153    293.8313037  0.5451221E+01
                                   7.49      0.00     -0.94  -0.0028    221.6370776    279.2448737  0.5451190E+01
                                   8.15      0.00     -0.94  -0.0037    210.2759108    264.9299614  0.5451149E+01
                                   8.82      0.00     -0.94  -0.0046    199.1678774    250.9339899  0.5451107E+01
                                   9.51      0.00     -0.94  -0.0055    188.2533915    237.1818945  0.5451068E+01
                                  10.21      0.00     -0.93  -0.0064     91.9885281    115.7409977  0.5451040E+01
                                  10.92      0.00     -0.68  -0.0074      1.2813899      1.2665734  0.5449772E+01
                                  11.65      0.00     -0.53  -0.0081      0.8909266      0.8771004  0.5449453E+01
                                  12.39      0.00     -0.23  -0.0087      0.2282237      0.2160779  0.5450083E+01
                                  13.15      0.00      0.37  -0.0091      0.0943197      0.0825135  0.5453553E+01
                                  13.92      0.00      0.72  -0.0092      0.0632190      0.0539402  0.5457671E+01
                                  14.71      0.00      0.90  -0.0091      0.0317130      0.0249616  0.5457088E+01
                                  15.52      0.00      0.97  -0.0088      0.0317051      0.0249507  0.5451397E+01
                                  16.34      0.00      0.99  -0.0082      0.0317019      0.0249463  0.5435989E+01
                                  17.17      0.00      0.99  -0.0075      0.0317057      0.0249515  0.5421490E+01
                                  18.03      0.00      0.98  -0.0066      0.0317082      0.0249549  0.5411201E+01
                                  18.90      0.00      0.98  -0.0057      0.0317107      0.0249584  0.5404625E+01
                                  19.78      0.00      0.97  -0.0048      0.0317111      0.0249590  0.5400197E+01
                                  20.69      0.00      0.98  -0.0039      0.0317075      0.0249540  0.5391726E+01
                                  21.61      0.00      0.98  -0.0030      0.0317068      0.0249530  0.5381314E+01
                                  22.56      0.00      0.92  -0.0020      0.0317090      0.0249560  0.5373463E+01
                                  23.52      0.00      0.93  -0.0011      0.0158548      0.0124784  0.5367133E+01
    15.0000      5400     0.00     0.51      1.34     -0.79   0.0000     52.9597700     69.9735153  0.5471437E+01
                                   1.03      1.32     -0.80  -0.0000     94.7203301    122.5837972  0.5472039E+01
                                   1.56      1.30     -0.80  -0.0001     95.7369991    120.6124015  0.5472718E+01
                                   2.10      1.28     -0.81  -0.0001    119.0016977    149.9256305  0.5473128E+01
                                   2.65      1.26     -0.81  -0.0002    140.2433030    176.6897738  0.5473385E+01
                                   3.22      1.25     -0.81  -0.0002    160.1514779    201.7738111  0.5473540E+01
                                   3.79      1.24     -0.81  -0.0003    178.9208874    225.4230529  0.5473620E+01
                                   4.38      1.23     -0.81  -0.0004    196.8116872    247.9652315  0.5473646E+01
                                   4.97      1.22     -0.81  -0.0005    212.5825547    267.8363025  0.5473630E+01
                                   5.58      1.22     -0.81  -0.0002    226.7147601    285.6427059  0.5473594E+01
                                   6.21      0.00     -0.81   0.0000    228.1126380    287.4040045  0.5473542E+01
                                   6.84      0.00     -0.81  -0.0007    216.8219537    273.1779031  0.5473474E+01
                                   7.49      0.00     -0.80  -0.0014    205.9173957    259.4382875  0.5473392E+01
                                   8.15      0.00     -0.80  -0.0021    195.2065155    245.9427342  0.5473304E+01
                                   8.82      0.00     -0.80  -0.0028    184.7023889    232.7076718  0.5473218E+01
                                   9.51      0.00     -0.80  -0.0035    174.3181422    219.6236327  0.5473141E+01
                                  10.21      0.00     -0.80  -0.0043     85.0450061    107.0178114  0.5473084E+01
                                  10.92      0.00     -0.63  -0.0050      0.9817658      0.9677092  0.5468286E+01
                                  11.65      0.00     -0.48  -0.0056      0.6070188      0.5939124  0.5465678E+01
                                  12.39      0.00     -0.16  -0.0060      0.1462422      0.1343043  0.5464293E+01
                                  13.15      0.00      0.38  -0.0063      0.0965485      0.0854466  0.5465401E+01
                                  13.92      0.00      0.64  -0.0063      0.0657865      0.0572111  0.5468900E+01
                                  14.71      0.00      0.78  -0.0063      0.0317141      0.0249631  0.5468589E+01
                                  15.52      0.00      0.84  -0.0062      0.0317073      0.0249537  0.5464677E+01
                                  16.34      0.00      0.87  -0.0059      0.0317030      0.0249478  0.5451025E+01
                                  17.17      0.00      0.88  -0.0054      0.0317026      0.0249472  0.5434850E+01
                                  18.03      0.00      0.87  -0.0048      0.0317050      0.0249506  0.5421941E+01
                                  18.90      0.00      0.87  -0.0042      0.0317097      0.0249570  0.5413525E+01
                                  19.78      0.00      0.85  -0.0035      0.0317101      0.0249576  0.5408282E+01
                                  20.69      0.00      0.86  -0.0028      0.0317084      0.0249553  0.5399573E+01
                                  21.61      0.00      0.86  -0.0021      0.0317068      0.0249530  0.5388502E+01
                                  22.56      0.00      0.81  -0.0014      0.0317080      0.0249547  0.5379680E+01
                                  23.52      0.00      0.73  -0.0007      0.0158548      0.0124784  0.5372664E+01
    16.0000      5760     0.00     0.51      1.52     -0.52  -0.0000     25.3695529     31.9578196  0.5493925E+01
                                   1.03      1.41     -0.57   0.0000     64.7773175     81.6036016  0.5495360E+01
                                   1.56      1.35     -0.59   0.0000    175.3600687    232.3884331  0.5496093E+01
                                   2.10      1.32     -0.59   0.0001    198.2932910    261.2840012  0.5496274E+01
                                   2.65      1.29     -0.60   0.0001    134.6216723    169.6066000  0.5496594E+01
                                   3.22      1.26     -0.61   0.0001    154.0458202    194.0807700  0.5496783E+01
                                   3.79      1.24     -0.62   0.0001    172.3869890    217.1904221  0.5496880E+01
                                   4.38      1.22     -0.62   0.0001    189.9188757    239.2803505  0.5496912E+01
                                   4.97      1.21     -0.62   0.0001    205.0675452    258.3675086  0.5496894E+01
                                   5.58      1.20     -0.62   0.0004    218.4093371    275.1779556  0.5496855E+01
                                   6.21      0.00     -0.62   0.0008    219.3505317    276.3638459  0.5496800E+01
                                   6.84      0.00     -0.62   0.0002    207.8437246    261.8654445  0.5496727E+01
                                   7.49      0.00     -0.62  -0.0004    196.7873797    247.9345724  0.5496640E+01
                                   8.15      0.00     -0.62  -0.0009    185.9730110    234.3086526  0.5496543E+01
                                   8.82      0.00     -0.62  -0.0015    175.4068770    220.9954336  0.5496445E+01
                                   9.51      0.00     -0.62  -0.0021    165.0001109    207.8830078  0.5496353E+01
                                  10.21      0.00     -0.62  -0.0026     80.3316943    101.0931563  0.5496282E+01
                                  10.92      0.00     -0.54  -0.0032      0.8067011      0.7930884  0.5488368E+01
                                  11.65      0.00     -0.36  -0.0036      0.4421533      0.4294651  0.5483458E+01
                                  12.39      0.00     -0.04  -0.0039      0.1028917      0.0910637  0.5479286E+01
                                  13.15      0.00      0.42  -0.0039      0.0624799      0.0532038  0.5478807E+01
                                  13.92      0.00      0.58  -0.0037      0.0317167      0.0249667  0.5480740E+01
                                  14.71      0.00      0.67  -0.0037      0.0317119      0.0249600  0.5480192E+01
                                  15.52      0.00      0.71  -0.0038      0.0317062      0.0249522  0.5476788E+01
                                  16.34      0.00      0.74  -0.0038      0.0317030      0.0249478  0.5464553E+01
                                  17.17      0.00      0.75  -0.0035      0.0317015      0.0249458  0.5447432E+01
                                  18.03      0.00      0.75  -0.0032      0.0317050      0.0249506  0.5432641E+01
                                  18.90      0.00      0.74  -0.0028      0.0317087      0.0249556  0.5422503E+01
                                  19.78      0.00      0.73  -0.0023      0.0317081      0.0249548  0.5416293E+01
                                  20.69      0.00      0.74  -0.0019      0.0317084      0.0249553  0.5407323E+01
                                  21.61      0.00      0.73  -0.0014      0.0317068      0.0249530  0.5395601E+01
                                  22.56      0.00      0.68  -0.0009      0.0317071      0.0249534  0.5385941E+01
                                  23.52      0.00      0.55  -0.0004      0.0158539      0.0124771  0.5378296E+01
    17.0000      6120     0.00     0.51      1.68     -0.31   0.0000     40.4492486     52.4525344  0.5514049E+01
                                   1.03      1.60     -0.34   0.0001     84.1557048    107.5146161  0.5514842E+01
                                   1.56      1.54     -0.37   0.0001    100.7930934    126.9830205  0.5515489E+01
                                   2.10      1.49     -0.38   0.0002    126.2678858    159.0809226  0.5515883E+01
                                   2.65      1.46     -0.39   0.0002    149.5342981    188.3963123  0.5516129E+01
                                   3.22      1.43     -0.40   0.0003    171.3908464    215.9352787  0.5516275E+01
                                   3.79      1.41     -0.41   0.0003    192.0971274    242.0249395  0.5516347E+01
                                   4.38      1.39     -0.41   0.0004    211.9635046    267.0563012  0.5516364E+01
                                   4.97      1.38     -0.41   0.0004    228.7712507    288.2338502  0.5516336E+01
                                   5.58      1.37     -0.41   0.0009    243.2597801    306.4892069  0.5516295E+01
                                   6.21      0.00     -0.41   0.0014    243.8496798    307.2324768  0.5516245E+01
                                   6.84      0.00     -0.42   0.0009    230.3928882    290.2770787  0.5516181E+01
                                   7.49      0.00     -0.42   0.0003    217.5034210    274.0365267  0.5516107E+01
                                   8.15      0.00     -0.42  -0.0002    204.9877867    258.2670003  0.5516025E+01
                                   8.82      0.00     -0.42  -0.0007    192.9060929    243.0441976  0.5515940E+01
                                   9.51      0.00     -0.42  -0.0013    181.2165603    228.3155546  0.5515858E+01
                                  10.21      0.00     -0.42  -0.0018     88.2773008    111.0715047  0.5515788E+01
                                  10.92      0.00     -0.41  -0.0023      1.1254577      1.1110366  0.5506287E+01
                                  11.65      0.00     -0.21  -0.0026      0.6753029      0.6620233  0.5500114E+01
                                  12.39      0.00      0.11  -0.0026      0.1427103      0.1307814  0.5492694E+01
                                  13.15      0.00      0.48  -0.0024      0.0621497      0.0528744  0.5490324E+01
                                  13.92      0.00      0.55  -0.0021      0.0317156      0.0249651  0.5491076E+01
                                  14.71      0.00      0.59  -0.0020      0.0317119      0.0249600  0.5490071E+01
                                  15.52      0.00      0.60  -0.0022      0.0317073      0.0249537  0.5486606E+01
                                  16.34      0.00      0.63  -0.0023      0.0317019      0.0249463  0.5475163E+01
                                  17.17      0.00      0.64  -0.0022      0.0317004      0.0249443  0.5457624E+01
                                  18.03      0.00      0.64  -0.0020      0.0317040      0.0249491  0.5441662E+01
                                  18.90      0.00      0.63  -0.0018      0.0317087      0.0249556  0.5430142E+01
                                  19.78      0.00      0.62  -0.0015      0.0317081      0.0249549  0.5423035E+01
                                  20.69      0.00      0.63  -0.0012      0.0317074      0.0249539  0.5413715E+01
                                  21.61      0.00      0.61  -0.0009      0.0317077      0.0249543  0.5401597E+01
                                  22.56      0.00      0.57  -0.0005      0.0317071      0.0249535  0.5391344E+01
                                  23.52      0.00      0.42  -0.0002      0.0158529      0.0124759  0.5383107E+01
    18.0000      6480     0.00     0.51      1.83     -0.16  -0.0000     44.6014525     57.6191256  0.5527427E+01
                                   1.03      1.76     -0.19   0.0001     94.8715582    120.9513284  0.5528119E+01
                                   1.56      1.70     -0.21   0.0002    115.7474238    145.8252780  0.5528666E+01
                                   2.10      1.66     -0.22   0.0003    144.7354443    182.3498122  0.5529009E+01
                                   2.65      1.63     -0.23   0.0004    171.2541655    215.7630399  0.5529231E+01
                                   3.22      1.60     -0.23   0.0005    196.1793937    247.1685410  0.5529370E+01
                                   3.79      1.58     -0.24   0.0005    219.7843790    276.9105136  0.5529445E+01
                                   4.38      1.57     -0.24   0.0006    242.4156480    305.4256178  0.5529469E+01
                                   4.97      1.55     -0.25   0.0007    261.5734562    329.5642138  0.5529453E+01
                                   5.58      1.55     -0.25   0.0013    278.0677751    350.3468260  0.5529429E+01
                                   6.21      0.00     -0.25   0.0019    278.8887918    351.3813019  0.5529399E+01
                                   6.84      0.00     -0.25   0.0013    263.8928220    332.4865550  0.5529360E+01
                                   7.49      0.00     -0.25   0.0007    249.5369688    314.3984079  0.5529311E+01
                                   8.15      0.00     -0.25   0.0002    235.6263250    296.8711406  0.5529254E+01
                                   8.82      0.00     -0.25  -0.0004    222.2586796    280.0280973  0.5529191E+01
                                   9.51      0.00     -0.25  -0.0010    209.4288915    263.8627589  0.5529124E+01
                                  10.21      0.00     -0.25  -0.0016    102.3463439    128.7386753  0.5529059E+01
                                  10.92      0.00     -0.22  -0.0021      1.8113319      1.7951717  0.5519855E+01
                                  11.65      0.00     -0.05  -0.0023      1.3261032      1.3111734  0.5514300E+01
                                  12.39      0.00      0.23  -0.0021      0.3342367      0.3218220  0.5504192E+01
                                  13.15      0.00      0.57  -0.0017      0.1026617      0.1019094  0.5498590E+01
                                  13.92      0.00      0.54  -0.0012      0.0728654      0.0746367  0.5498474E+01
                                  14.71      0.00      0.54  -0.0011      0.0317130      0.0249616  0.5497021E+01
                                  15.52      0.00      0.53  -0.0012      0.0317073      0.0249537  0.5493331E+01
                                  16.34      0.00      0.55  -0.0014      0.0317019      0.0249463  0.5482336E+01
                                  17.17      0.00      0.56  -0.0015      0.0317015      0.0249457  0.5464792E+01
                                  18.03      0.00      0.56  -0.0014      0.0317030      0.0249478  0.5448093E+01
                                  18.90      0.00      0.55  -0.0012      0.0317056      0.0249514  0.5435637E+01
                                  19.78      0.00      0.53  -0.0010      0.0317081      0.0249548  0.5427870E+01
                                  20.69      0.00      0.54  -0.0008      0.0317084      0.0249553  0.5418344E+01
                                  21.61      0.00      0.53  -0.0006      0.0317068      0.0249530  0.5405854E+01
                                  22.56      0.00      0.50  -0.0003      0.0317062      0.0249522  0.5395312E+01
                                  23.52      0.00      0.34  -0.0001      0.0158529      0.0124759  0.5386561E+01
    19.0000      6840     0.00     0.51      1.72     -0.07   0.0000     37.2652058     46.9461922  0.5534521E+01
                                   1.03      1.71     -0.10   0.0002    122.5543488    158.2209766  0.5535223E+01
                                   1.56      1.70     -0.10   0.0004    156.4890146    200.9782195  0.5535482E+01
                                   2.10      1.68     -0.12   0.0006    156.9760963    197.7729052  0.5535752E+01
                                   2.65      1.67     -0.12   0.0008    185.0529760    233.1493795  0.5535930E+01
                                   3.22      1.66     -0.13   0.0010    211.4598826    266.4217725  0.5536045E+01
                                   3.79      1.65     -0.14   0.0012    236.4245802    297.8769317  0.5536112E+01
                                   4.38      1.65     -0.14   0.0014    260.2769434    327.9305995  0.5536140E+01
                                   4.97      1.64     -0.14   0.0016    281.1412141    354.2193025  0.5536135E+01
                                   5.58      1.63     -0.14   0.0022    299.7101843    377.6159883  0.5536124E+01
                                   6.21      0.00     -0.14   0.0028    301.3814241    379.7217458  0.5536110E+01
                                   6.84      0.00     -0.14   0.0022    286.1879207    360.5781123  0.5536089E+01
                                   7.49      0.00     -0.14   0.0016    271.6254629    342.2296047  0.5536060E+01
                                   8.15      0.00     -0.14   0.0010    257.4916184    324.4211525  0.5536025E+01
                                   8.82      0.00     -0.14   0.0004    243.8864112    307.2787821  0.5535984E+01
                                   9.51      0.00     -0.14  -0.0003    230.8085561    290.8008546  0.5535936E+01
                                  10.21      0.00     -0.14  -0.0009    113.1534856    142.3081569  0.5535885E+01
                                  10.92      0.00     -0.04  -0.0016      2.4580781      2.4402776  0.5528263E+01
                                  11.65      0.00      0.08  -0.0017      2.0775384      2.0607030  0.5523769E+01
                                  12.39      0.00      0.29  -0.0015      0.6682574      0.6549957  0.5515039E+01
                                  13.15      0.00      0.65  -0.0010      0.1416184      0.1296923  0.5504102E+01
                                  13.92      0.00      0.53  -0.0004      0.0628748      0.0535960  0.5502748E+01
                                  14.71      0.00      0.50  -0.0001      0.0317119      0.0249600  0.5501022E+01
                                  15.52      0.00      0.47  -0.0003      0.0317095      0.0249567  0.5497262E+01
                                  16.34      0.00      0.47  -0.0005      0.0317030      0.0249479  0.5486497E+01
                                  17.17      0.00      0.48  -0.0007      0.0316994      0.0249428  0.5469173E+01
                                  18.03      0.00      0.48  -0.0008      0.0317019      0.0249463  0.5452096E+01
                                  18.90      0.00      0.47  -0.0007      0.0317066      0.0249528  0.5438991E+01
                                  19.78      0.00      0.46  -0.0006      0.0317081      0.0249549  0.5430720E+01
                                  20.69      0.00      0.47  -0.0005      0.0317074      0.0249539  0.5421137E+01
                                  21.61      0.00      0.45  -0.0003      0.0317068      0.0249530  0.5408425E+01
                                  22.56      0.00      0.43  -0.0002      0.0317062      0.0249522  0.5397760E+01
                                  23.52      0.00      0.30  -0.0001      0.0158529      0.0124759  0.5388863E+01
    20.0000      7200     0.00     0.51      1.65      0.02   0.0000     35.7362092     45.0196769  0.5535384E+01
                                   1.03      1.63     -0.01   0.0003     88.7058862    111.7532980  0.5536090E+01
                                   1.56      1.62     -0.03   0.0006    121.4160398    152.9676653  0.5536550E+01
                                   2.10      1.61     -0.04   0.0009    150.9204321    190.1428215  0.5536872E+01
                                   2.65      1.60     -0.05   0.0011    177.9057458    224.1439745  0.5537105E+01
                                   3.22      1.59     -0.05   0.0014    203.2246441    256.0454607  0.5537274E+01
                                   3.79      1.58     -0.06   0.0017    227.1119878    286.1431986  0.5537393E+01
                                   4.38      1.58     -0.06   0.0020    249.8907223    314.8441389  0.5537471E+01
                                   4.97      1.57     -0.07   0.0022    270.4339288    340.7283127  0.5537516E+01
                                   5.58      1.57     -0.07   0.0029    289.2644145    364.4544631  0.5537552E+01
                                   6.21      0.00     -0.07   0.0035    291.4763987    367.2415391  0.5537581E+01
                                   6.84      0.00     -0.07   0.0029    277.2467956    349.3124247  0.5537603E+01
                                   7.49      0.00     -0.07   0.0023    263.5902725    332.1053833  0.5537617E+01
                                   8.15      0.00     -0.07   0.0018    250.3037080    315.3644875  0.5537622E+01
                                   8.82      0.00     -0.07   0.0012    237.4644578    299.1871536  0.5537619E+01
                                   9.51      0.00     -0.07   0.0006    225.0514738    283.5469693  0.5537606E+01
                                  10.21      0.00     -0.07  -0.0001    110.3538089    138.7998834  0.5537581E+01
                                  10.92      0.00      0.07  -0.0007      2.2585852      2.2412906  0.5532233E+01
                                  11.65      0.00      0.17  -0.0008      1.8916730      1.8753088  0.5528866E+01
                                  12.39      0.00      0.34  -0.0007      0.6011517      0.5880602  0.5522004E+01
                                  13.15      0.00      0.71  -0.0002      0.1343308      0.1224232  0.5507867E+01
                                  13.92      0.00      0.51   0.0005      0.0628748      0.0535960  0.5504683E+01
                                  14.71      0.00      0.46   0.0008      0.0317119      0.0249600  0.5502715E+01
                                  15.52      0.00      0.41   0.0007      0.0317095      0.0249567  0.5498883E+01
                                  16.34      0.00      0.41   0.0003      0.0317020      0.0249464  0.5488178E+01
                                  17.17      0.00      0.41   0.0001      0.0316993      0.0249428  0.5471427E+01
                                  18.03      0.00      0.40  -0.0001      0.0317030      0.0249478  0.5454250E+01
                                  18.90      0.00      0.40  -0.0001      0.0317056      0.0249514  0.5440712E+01
                                  19.78      0.00      0.38  -0.0001      0.0317081      0.0249548  0.5432178E+01
                                  20.69      0.00      0.39  -0.0001      0.0317075      0.0249540  0.5422536E+01
                                  21.61      0.00      0.37  -0.0001      0.0317058      0.0249517  0.5409704E+01
                                  22.56      0.00      0.36  -0.0000      0.0317062      0.0249522  0.5399073E+01
                                  23.52      0.00      0.26   0.0000      0.0158529      0.0124759  0.5390186E+01
    21.0000      7560     0.00     0.51      1.58      0.09   0.0000     33.8611333     42.6571025  0.5532775E+01
                                   1.03      1.57      0.06   0.0003     84.1471739    106.0093846  0.5533624E+01
                                   1.56      1.55      0.05   0.0006    115.3096464    145.2736929  0.5534149E+01
                                   2.10      1.54      0.03   0.0010    143.4160955    180.6874573  0.5534519E+01
                                   2.65      1.53      0.03   0.0013    169.1505685    213.1125703  0.5534795E+01
                                   3.22      1.52      0.02   0.0016    193.3215186    243.5676381  0.5535007E+01
                                   3.79      1.52      0.01   0.0019    216.1152661    272.2874656  0.5535165E+01
                                   4.38      1.51      0.01   0.0022    237.7611585    299.5610237  0.5535283E+01
                                   4.97      1.50      0.01   0.0026    311.4853054    399.1985694  0.5535366E+01
                                   5.58      1.50      0.01   0.0032    329.6212852    422.0496863  0.5535417E+01
                                   6.21      0.00      0.01   0.0038    277.5949612    349.7511148  0.5535481E+01
                                   6.84      0.00      0.01   0.0032    263.8358250    332.4147686  0.5535540E+01
                                   7.49      0.00      0.00   0.0027    250.6657690    315.8206865  0.5535589E+01
                                   8.15      0.00      0.00   0.0021    237.8725819    299.7014299  0.5535630E+01
                                   8.82      0.00      0.00   0.0016    225.5081385    284.1223776  0.5535659E+01
                                   9.51      0.00      0.00   0.0010    213.5277912    269.0272778  0.5535676E+01
                                  10.21      0.00      0.01   0.0004    104.5884658    131.5631717  0.5535678E+01
                                  10.92      0.00      0.15  -0.0002      1.9074735      1.8910693  0.5533173E+01
                                  11.65      0.00      0.24  -0.0003      1.5123101      1.4969081  0.5531005E+01
                                  12.39      0.00      0.39  -0.0002      0.4309997      0.4183396  0.5525362E+01
                                  13.15      0.00      0.77   0.0003      0.0970279      0.0852148  0.5509500E+01
                                  13.92      0.00      0.51   0.0010      0.0625413      0.0532633  0.5505552E+01
                                  14.71      0.00      0.44   0.0014      0.0317119      0.0249600  0.5503139E+01
                                  15.52      0.00      0.37   0.0013      0.0317095      0.0249567  0.5499103E+01
                                  16.34      0.00      0.36   0.0009      0.0317030      0.0249479  0.5488279E+01
                                  17.17      0.00      0.35   0.0006      0.0316994      0.0249428  0.5472279E+01
                                  18.03      0.00      0.34   0.0004      0.0317019      0.0249463  0.5455199E+01
                                  18.90      0.00      0.33   0.0002      0.0317056      0.0249514  0.5441442E+01
                                  19.78      0.00      0.32   0.0001      0.0317081      0.0249548  0.5432828E+01
                                  20.69      0.00      0.33   0.0001      0.0317075      0.0249540  0.5423111E+01
                                  21.61      0.00      0.31   0.0001      0.0317058      0.0249517  0.5410229E+01
                                  22.56      0.00      0.30   0.0001      0.0317071      0.0249534  0.5399729E+01
                                  23.52      0.00      0.24   0.0000      0.0158539      0.0124771  0.5390970E+01
    22.0000      7920     0.00     0.51      1.60      0.24   0.0000     31.9957361     40.3067237  0.5527714E+01
                                   1.03      1.57      0.19   0.0004     80.1537745    100.9777468  0.5528795E+01
                                   1.56      1.54      0.16   0.0007    110.6384024    139.3879764  0.5529459E+01
                                   2.10      1.53      0.14   0.0011    137.8946565    173.7305149  0.5529916E+01
                                   2.65      1.52      0.13   0.0015    241.4549142    314.5275638  0.5530213E+01
                                   3.22      1.51      0.12   0.0018    264.5067126    343.5725346  0.5530390E+01
                                   3.79      1.50      0.11   0.0022    207.4664459    261.3900788  0.5530641E+01
                                   4.38      1.49      0.10   0.0026    228.3132635    287.6567841  0.5530833E+01
                                   4.97      1.48      0.09   0.0030    247.7762103    312.1798858  0.5530981E+01
                                   5.58      1.47      0.09   0.0036    266.2090398    335.4050219  0.5531108E+01
                                   6.21      0.00      0.08   0.0042    268.6019242    338.4199739  0.5531219E+01
                                   6.84      0.00      0.08   0.0036    255.2380040    321.5816244  0.5531320E+01
                                   7.49      0.00      0.08   0.0031    242.4337342    305.4483980  0.5531411E+01
                                   8.15      0.00      0.07   0.0026    229.9780399    289.7543833  0.5531491E+01
                                   8.82      0.00      0.07   0.0020    217.9165557    274.5570987  0.5531557E+01
                                   9.51      0.00      0.07   0.0015    206.1973512    259.7910166  0.5531606E+01
                                  10.21      0.00      0.07   0.0009    100.9229105    126.9603241  0.5531633E+01
                                  10.92      0.00      0.20   0.0003      1.7307897      1.7148335  0.5532091E+01
                                  11.65      0.00      0.28   0.0002      1.3253838      1.3104557  0.5531177E+01
                                  12.39      0.00      0.43   0.0002      0.3553465      0.3428783  0.5526693E+01
                                  13.15      0.00      0.82   0.0006      0.0914385      0.0796396  0.5509923E+01
                                  13.92      0.00      0.52   0.0014      0.0625413      0.0532633  0.5505853E+01
                                  14.71      0.00      0.44   0.0018      0.0317107      0.0249585  0.5502998E+01
                                  15.52      0.00      0.34   0.0017      0.0317084      0.0249552  0.5498600E+01
                                  16.34      0.00      0.32   0.0014      0.0317041      0.0249493  0.5487623E+01
                                  17.17      0.00      0.31   0.0010      0.0317015      0.0249457  0.5472405E+01
                                  18.03      0.00      0.29   0.0007      0.0317019      0.0249464  0.5455554E+01
                                  18.90      0.00      0.28   0.0005      0.0317046      0.0249500  0.5441689E+01
                                  19.78      0.00      0.26   0.0004      0.0317081      0.0249548  0.5433057E+01
                                  20.69      0.00      0.27   0.0003      0.0317075      0.0249540  0.5423255E+01
                                  21.61      0.00      0.26   0.0002      0.0317068      0.0249530  0.5410542E+01
                                  22.56      0.00      0.25   0.0001      0.0317080      0.0249547  0.5400061E+01
                                  23.52      0.00      0.23   0.0001      0.0158539      0.0124771  0.5391538E+01
    23.0000      8280     0.00     0.51      1.64      0.34  -0.0000     48.3932579     62.9827753  0.5522383E+01
                                   1.03      1.62      0.30   0.0004     97.1325673    124.3861951  0.5523136E+01
                                   1.56      1.59      0.26   0.0008    111.9848341    141.0844643  0.5523837E+01
                                   2.10      1.57      0.24   0.0012    139.6106370    175.8926362  0.5524327E+01
                                   2.65      1.56      0.22   0.0016    164.8231968    207.6601051  0.5524693E+01
                                   3.22      1.55      0.21   0.0020    261.9051374    339.4788131  0.5524983E+01
                                   3.79      1.54      0.21   0.0025    284.0131521    367.3346341  0.5525117E+01
                                   4.38      1.53      0.20   0.0029    231.5813862    291.7745709  0.5525317E+01
                                   4.97      1.52      0.19   0.0033    251.4697798    316.8337047  0.5525477E+01
                                   5.58      1.52      0.18   0.0039    270.4662830    340.7690302  0.5525616E+01
                                   6.21      0.00      0.18   0.0046    272.9441226    343.8910842  0.5525738E+01
                                   6.84      0.00      0.17   0.0040    259.2083998    326.5842795  0.5525852E+01
                                   7.49      0.00      0.17   0.0035    246.0428327    309.9958226  0.5525958E+01
                                   8.15      0.00      0.17   0.0029    233.2371287    293.8608080  0.5526052E+01
                                   8.82      0.00      0.16   0.0024    220.8498865    278.2530338  0.5526133E+01
                                   9.51      0.00      0.16   0.0018    208.8435367    263.1251886  0.5526197E+01
                                  10.21      0.00      0.16   0.0012    102.2094581    128.5736356  0.5526241E+01
                                  10.92      0.00      0.25   0.0006      1.8108478      1.7946886  0.5529444E+01
                                  11.65      0.00      0.31   0.0005      1.3996408      1.3845244  0.5529790E+01
                                  12.39      0.00      0.46   0.0004      0.3789502      0.3664222  0.5526691E+01
                                  13.15      0.00      0.86   0.0008      0.0914385      0.0796396  0.5509927E+01
                                  13.92      0.00      0.55   0.0016      0.0625413      0.0532633  0.5505807E+01
                                  14.71      0.00      0.44   0.0020      0.0317107      0.0249585  0.5502616E+01
                                  15.52      0.00      0.32   0.0020      0.0317084      0.0249552  0.5497713E+01
                                  16.34      0.00      0.29   0.0017      0.0317041      0.0249493  0.5486629E+01
                                  17.17      0.00      0.27   0.0013      0.0317015      0.0249457  0.5472137E+01
                                  18.03      0.00      0.24   0.0010      0.0317019      0.0249464  0.5455553E+01
                                  18.90      0.00      0.23   0.0007      0.0317046      0.0249500  0.5441729E+01
                                  19.78      0.00      0.21   0.0005      0.0317081      0.0249548  0.5433085E+01
                                  20.69      0.00      0.22   0.0004      0.0317075      0.0249540  0.5423259E+01
                                  21.61      0.00      0.21   0.0002      0.0317068      0.0249530  0.5410686E+01
                                  22.56      0.00      0.21   0.0002      0.0317080      0.0249547  0.5400146E+01
                                  23.52      0.00      0.22   0.0001      0.0158539      0.0124771  0.5391958E+01
