LAKE TAHOE ECOMODELING R1 -----------------------------                         
Run number = 202204292125,  Start date of run:   4/29/2022 at 0021 hours
i =  41  j =  98  km = 162   dt =10.00 sec  hhs =****** m   dz = 5.00 m
iexplt = 0  itrap = 1  cd =  0.0040  ismooth = 0  beta = 0.050 niter = 3
iextrp = 0  f = 0.0001  tramp=      0.0  iupwind = 0
    time       step       zeta    depth       u         v       w          Av               Dv        scalar     Tracers-> 
     hrs        no         cm        m       cm/s      cm/s     cm/s       cm2/s           cm2/s       oC          g/l   -> 
     0.0000         0     0.00     0.51      0.00      0.00   0.0000      0.0000000      0.0000000  0.5771500E+01
                                   1.03      0.00      0.00   0.0000      0.0000000      0.0000000  0.5771500E+01
                                   1.56      0.00      0.00   0.0000      0.0000000      0.0000000  0.5763700E+01
                                   2.10      0.00      0.00   0.0000      0.0000000      0.0000000  0.5667900E+01
                                   2.65      0.00      0.00   0.0000      0.0000000      0.0000000  0.5538000E+01
                                   3.22      0.00      0.00   0.0000      0.0000000      0.0000000  0.5454500E+01
                                   3.79      0.00      0.00   0.0000      0.0000000      0.0000000  0.5442000E+01
                                   4.38      0.00      0.00   0.0000      0.0000000      0.0000000  0.5440500E+01
                                   4.97      0.00      0.00   0.0000      0.0000000      0.0000000  0.5436800E+01
                                   5.58      0.00      0.00   0.0000      0.0000000      0.0000000  0.5431500E+01
                                   6.21      0.00      0.00   0.0000      0.0000000      0.0000000  0.5430200E+01
                                   6.84      0.00      0.00   0.0000      0.0000000      0.0000000  0.5432000E+01
                                   7.49      0.00      0.00   0.0000      0.0000000      0.0000000  0.5427600E+01
                                   8.15      0.00      0.00   0.0000      0.0000000      0.0000000  0.5423000E+01
                                   8.82      0.00      0.00   0.0000      0.0000000      0.0000000  0.5422500E+01
                                   9.51      0.00      0.00   0.0000      0.0000000      0.0000000  0.5420700E+01
                                  10.21      0.00      0.00   0.0000      0.0000000      0.0000000  0.5413300E+01
                                  10.92      0.00      0.00   0.0000      0.0000000      0.0000000  0.5412600E+01
                                  11.65      0.00      0.00   0.0000      0.0000000      0.0000000  0.5408300E+01
                                  12.39      0.00      0.00   0.0000      0.0000000      0.0000000  0.5404800E+01
                                  13.15      0.00      0.00   0.0000      0.0000000      0.0000000  0.5404800E+01
                                  13.92      0.00      0.00   0.0000      0.0000000      0.0000000  0.5402400E+01
                                  14.71      0.00      0.00   0.0000      0.0000000      0.0000000  0.5391300E+01
                                  15.52      0.00      0.00   0.0000      0.0000000      0.0000000  0.5389100E+01
                                  16.34      0.00      0.00   0.0000      0.0000000      0.0000000  0.5389700E+01
                                  17.17      0.00      0.00   0.0000      0.0000000      0.0000000  0.5384700E+01
                                  18.03      0.00      0.00   0.0000      0.0000000      0.0000000  0.5382900E+01
                                  18.90      0.00      0.00   0.0000      0.0000000      0.0000000  0.5381500E+01
                                  19.78      0.00      0.00   0.0000      0.0000000      0.0000000  0.5370000E+01
                                  20.69      0.00      0.00   0.0000      0.0000000      0.0000000  0.5362900E+01
                                  21.61      0.00      0.00   0.0000      0.0000000      0.0000000  0.5365900E+01
                                  22.56      0.00      0.00   0.0000      0.0000000      0.0000000  0.5359800E+01
                                  23.52      0.00      0.00   0.0000      0.0000000      0.0000000  0.5355800E+01
                                  24.50      0.00      0.00   0.0000      0.0000000      0.0000000  0.5355500E+01
                                  25.50      0.00      0.00   0.0000      0.0000000      0.0000000  0.5353400E+01
                                  26.52      0.00      0.00   0.0000      0.0000000      0.0000000  0.5352600E+01
                                  27.56      0.00      0.00   0.0000      0.0000000      0.0000000  0.5351700E+01
                                  28.62      0.00      0.00   0.0000      0.0000000      0.0000000  0.5352900E+01
                                  29.70      0.00      0.00   0.0000      0.0000000      0.0000000  0.5353000E+01
                                  30.81      0.00      0.00   0.0000      0.0000000      0.0000000  0.5351900E+01
                                  31.93      0.00      0.00   0.0000      0.0000000      0.0000000  0.5351700E+01
                                  33.08      0.00      0.00   0.0000      0.0000000      0.0000000  0.5353700E+01
                                  34.25      0.00      0.00   0.0000      0.0000000      0.0000000  0.5350500E+01
                                  35.45      0.00      0.00   0.0000      0.0000000      0.0000000  0.5351700E+01
                                  36.67      0.00      0.00   0.0000      0.0000000      0.0000000  0.5349300E+01
                                  37.91      0.00      0.00   0.0000      0.0000000      0.0000000  0.5349900E+01
                                  39.18      0.00      0.00   0.0000      0.0000000      0.0000000  0.5343800E+01
                                  40.47      0.00      0.00   0.0000      0.0000000      0.0000000  0.5342100E+01
                                  41.79      0.00      0.00   0.0000      0.0000000      0.0000000  0.5339500E+01
                                  43.14      0.00      0.00   0.0000      0.0000000      0.0000000  0.5334000E+01
                                  44.51      0.00      0.00   0.0000      0.0000000      0.0000000  0.5333900E+01
                                  45.91      0.00      0.00   0.0000      0.0000000      0.0000000  0.5332200E+01
                                  47.34      0.00      0.00   0.0000      0.0000000      0.0000000  0.5332400E+01
                                  48.79      0.00      0.00   0.0000      0.0000000      0.0000000  0.5331600E+01
                                  50.28      0.00      0.00   0.0000      0.0000000      0.0000000  0.5330800E+01
                                  51.79      0.00      0.00   0.0000      0.0000000      0.0000000  0.5330700E+01
                                  53.34      0.00      0.00   0.0000      0.0000000      0.0000000  0.5329200E+01
                                  54.92      0.00      0.00   0.0000      0.0000000      0.0000000  0.5329600E+01
                                  56.53      0.00      0.00   0.0000      0.0000000      0.0000000  0.5329500E+01
                                  58.17      0.00      0.00   0.0000      0.0000000      0.0000000  0.5321700E+01
                                  59.84      0.00      0.00   0.0000      0.0000000      0.0000000  0.5320500E+01
                                  61.55      0.00      0.00   0.0000      0.0000000      0.0000000  0.5321800E+01
                                  63.29      0.00      0.00   0.0000      0.0000000      0.0000000  0.5320800E+01
                                  65.06      0.00      0.00   0.0000      0.0000000      0.0000000  0.5318900E+01
                                  66.87      0.00      0.00   0.0000      0.0000000      0.0000000  0.5318600E+01
                                  68.72      0.00      0.00   0.0000      0.0000000      0.0000000  0.5316600E+01
                                  70.61      0.00      0.00   0.0000      0.0000000      0.0000000  0.5314500E+01
                                  72.53      0.00      0.00   0.0000      0.0000000      0.0000000  0.5312300E+01
                                  74.49      0.00      0.00   0.0000      0.0000000      0.0000000  0.5310100E+01
                                  76.49      0.00      0.00   0.0000      0.0000000      0.0000000  0.5306000E+01
                                  78.53      0.00      0.00   0.0000      0.0000000      0.0000000  0.5303300E+01
                                  80.61      0.00      0.00   0.0000      0.0000000      0.0000000  0.5301200E+01
                                  82.73      0.00      0.00   0.0000      0.0000000      0.0000000  0.5298100E+01
                                  84.90      0.00      0.00   0.0000      0.0000000      0.0000000  0.5293700E+01
                                  87.10      0.00      0.00   0.0000      0.0000000      0.0000000  0.5291900E+01
                                  89.36      0.00      0.00   0.0000      0.0000000      0.0000000  0.5291200E+01
                                  91.65      0.00      0.00   0.0000      0.0000000      0.0000000  0.5286400E+01
                                  94.00      0.00      0.00   0.0000      0.0000000      0.0000000  0.5286800E+01
                                  96.39      0.00      0.00   0.0000      0.0000000      0.0000000  0.5287000E+01
                                  98.82      0.00      0.00   0.0000      0.0000000      0.0000000  0.5287300E+01
                                 101.31      0.00      0.00   0.0000      0.0000000      0.0000000  0.5285800E+01
                                 103.85      0.00      0.00   0.0000      0.0000000      0.0000000  0.5285000E+01
                                 106.43      0.00      0.00   0.0000      0.0000000      0.0000000  0.5283900E+01
                                 109.07      0.00      0.00   0.0000      0.0000000      0.0000000  0.5283400E+01
                                 111.76      0.00      0.00   0.0000      0.0000000      0.0000000  0.5283100E+01
                                 114.51      0.00      0.00   0.0000      0.0000000      0.0000000  0.5282100E+01
                                 117.31      0.00      0.00   0.0000      0.0000000      0.0000000  0.5281700E+01
                                 120.17      0.00      0.00   0.0000      0.0000000      0.0000000  0.5281700E+01
                                 123.08      0.00      0.00   0.0000      0.0000000      0.0000000  0.5281100E+01
                                 126.05      0.00      0.00   0.0000      0.0000000      0.0000000  0.5276600E+01
                                 129.08      0.00      0.00   0.0000      0.0000000      0.0000000  0.5274500E+01
                                 132.17      0.00      0.00   0.0000      0.0000000      0.0000000  0.5273600E+01
                                 135.33      0.00      0.00   0.0000      0.0000000      0.0000000  0.5273000E+01
                                 138.54      0.00      0.00   0.0000      0.0000000      0.0000000  0.5273200E+01
                                 141.82      0.00      0.00   0.0000      0.0000000      0.0000000  0.5272800E+01
                                 145.17      0.00      0.00   0.0000      0.0000000      0.0000000  0.5268200E+01
                                 148.58      0.00      0.00   0.0000      0.0000000      0.0000000  0.5260800E+01
                                 152.06      0.00      0.00   0.0000      0.0000000      0.0000000  0.5259900E+01
                                 155.62      0.00      0.00   0.0000      0.0000000      0.0000000  0.5257600E+01
                                 159.24      0.00      0.00   0.0000      0.0000000      0.0000000  0.5257400E+01
                                 162.93      0.00      0.00   0.0000      0.0000000      0.0000000  0.5257600E+01
                                 166.70      0.00      0.00   0.0000      0.0000000      0.0000000  0.5257600E+01
                                 171.70      0.00      0.00   0.0000      0.0000000      0.0000000  0.5257600E+01
                                 176.70      0.00      0.00   0.0000      0.0000000      0.0000000  0.5257600E+01
                                 181.70      0.00      0.00   0.0000      0.0000000      0.0000000  0.5257600E+01
                                 186.70      0.00      0.00   0.0000      0.0000000      0.0000000  0.5257600E+01
                                 191.70      0.00      0.00   0.0000      0.0000000      0.0000000  0.5257600E+01
                                 196.70      0.00      0.00   0.0000      0.0000000      0.0000000  0.5257600E+01
                                 201.70      0.00      0.00   0.0000      0.0000000      0.0000000  0.5257600E+01
                                 206.70      0.00      0.00   0.0000      0.0000000      0.0000000  0.5257600E+01
                                 211.70      0.00      0.00   0.0000      0.0000000      0.0000000  0.5257600E+01
                                 216.70      0.00      0.00   0.0000      0.0000000      0.0000000  0.5257600E+01
                                 221.70      0.00      0.00   0.0000      0.0000000      0.0000000  0.5257600E+01
                                 226.70      0.00      0.00   0.0000      0.0000000      0.0000000  0.5257600E+01
                                 231.70      0.00      0.00   0.0000      0.0000000      0.0000000  0.5257600E+01
                                 236.70      0.00      0.00   0.0000      0.0000000      0.0000000  0.5257600E+01
                                 241.70      0.00      0.00   0.0000      0.0000000      0.0000000  0.5257600E+01
                                 246.70      0.00      0.00   0.0000      0.0000000      0.0000000  0.5257600E+01
                                 251.70      0.00      0.00   0.0000      0.0000000      0.0000000  0.5257600E+01
                                 256.70      0.00      0.00   0.0000      0.0000000      0.0000000  0.5257600E+01
                                 261.70      0.00      0.00   0.0000      0.0000000      0.0000000  0.5257600E+01
                                 266.70      0.00      0.00   0.0000      0.0000000      0.0000000  0.5257600E+01
                                 271.70      0.00      0.00   0.0000      0.0000000      0.0000000  0.5257600E+01
                                 276.70      0.00      0.00   0.0000      0.0000000      0.0000000  0.5257600E+01
                                 281.70      0.00      0.00   0.0000      0.0000000      0.0000000  0.5257600E+01
                                 286.70      0.00      0.00   0.0000      0.0000000      0.0000000  0.5257600E+01
                                 291.70      0.00      0.00   0.0000      0.0000000      0.0000000  0.5257600E+01
                                 296.70      0.00      0.00   0.0000      0.0000000      0.0000000  0.5257600E+01
                                 301.70      0.00      0.00   0.0000      0.0000000      0.0000000  0.5257600E+01
                                 306.70      0.00      0.00   0.0000      0.0000000      0.0000000  0.5257600E+01
                                 311.70      0.00      0.00   0.0000      0.0000000      0.0000000  0.5257600E+01
                                 316.70      0.00      0.00   0.0000      0.0000000      0.0000000  0.5257600E+01
                                 321.70      0.00      0.00   0.0000      0.0000000      0.0000000  0.5257600E+01
                                 326.70      0.00      0.00   0.0000      0.0000000      0.0000000  0.5257600E+01
                                 331.70      0.00      0.00   0.0000      0.0000000      0.0000000  0.5257600E+01
                                 336.70      0.00      0.00   0.0000      0.0000000      0.0000000  0.5257600E+01
                                 341.70      0.00      0.00   0.0000      0.0000000      0.0000000  0.5257600E+01
                                 346.70      0.00      0.00   0.0000      0.0000000      0.0000000  0.5257600E+01
                                 351.70      0.00      0.00   0.0000      0.0000000      0.0000000  0.5257600E+01
                                 356.70      0.00      0.00   0.0000      0.0000000      0.0000000  0.5257600E+01
                                 361.70      0.00      0.00   0.0000      0.0000000      0.0000000  0.5257600E+01
                                 366.70      0.00      0.00   0.0000      0.0000000      0.0000000  0.5257600E+01
                                 371.70      0.00      0.00   0.0000      0.0000000      0.0000000  0.5257600E+01
                                 376.70      0.00      0.00   0.0000      0.0000000      0.0000000  0.5257600E+01
                                 381.70      0.00      0.00   0.0000      0.0000000      0.0000000  0.5257600E+01
                                 386.70      0.00      0.00   0.0000      0.0000000      0.0000000  0.5257600E+01
                                 391.70      0.00      0.00   0.0000      0.0000000      0.0000000  0.5257600E+01
                                 396.70      0.00      0.00   0.0000      0.0000000      0.0000000  0.5257600E+01
                                 401.70      0.00      0.00   0.0000      0.0000000      0.0000000  0.5257600E+01
                                 406.70      0.00      0.00   0.0000      0.0000000      0.0000000  0.5257600E+01
                                 411.70      0.00      0.00   0.0000      0.0000000      0.0000000  0.5257600E+01
                                 416.70      0.00      0.00   0.0000      0.0000000      0.0000000  0.5257600E+01
                                 421.70      0.00      0.00   0.0000      0.0000000      0.0000000  0.5257600E+01
                                 426.70      0.00      0.00   0.0000      0.0000000      0.0000000  0.5257600E+01
                                 431.70      0.00      0.00   0.0000      0.0000000      0.0000000  0.5257600E+01
                                 436.70      0.00      0.00   0.0000      0.0000000      0.0000000  0.5257600E+01
                                 441.70      0.00      0.00   0.0000      0.0000000      0.0000000  0.5257600E+01
                                 446.70      0.00      0.00   0.0000      0.0000000      0.0000000  0.5257600E+01
                                 451.70      0.00      0.00   0.0000      0.0000000      0.0000000  0.5257600E+01
                                 456.70      0.00      0.00   0.0000      0.0000000      0.0000000  0.5257600E+01
                                 461.70      0.00      0.00   0.0000      0.0000000      0.0000000  0.5257600E+01
                                 466.70      0.00      0.00   0.0000      0.0000000      0.0000000  0.5257600E+01
